# columns = ['i', 'j', 'delay', 'weight']
0.0	0.0	1.0	0.25
1.0	0.0	1.0	0.25
4.0	0.0	1.0	0.25
5.0	0.0	1.0	0.25
2.0	1.0	1.0	0.25
3.0	1.0	1.0	0.25
6.0	1.0	1.0	0.25
7.0	1.0	1.0	0.25
13.0	2.0	1.0	0.25
12.0	2.0	1.0	0.25
8.0	2.0	1.0	0.25
9.0	2.0	1.0	0.25
10.0	3.0	1.0	0.25
11.0	3.0	1.0	0.25
14.0	3.0	1.0	0.25
15.0	3.0	1.0	0.25
21.0	4.0	1.0	0.25
20.0	4.0	1.0	0.25
16.0	4.0	1.0	0.25
17.0	4.0	1.0	0.25
18.0	5.0	1.0	0.25
19.0	5.0	1.0	0.25
22.0	5.0	1.0	0.25
23.0	5.0	1.0	0.25
24.0	6.0	1.0	0.25
25.0	6.0	1.0	0.25
28.0	6.0	1.0	0.25
29.0	6.0	1.0	0.25
31.0	7.0	1.0	0.25
26.0	7.0	1.0	0.25
27.0	7.0	1.0	0.25
30.0	7.0	1.0	0.25
37.0	8.0	1.0	0.25
36.0	8.0	1.0	0.25
32.0	8.0	1.0	0.25
33.0	8.0	1.0	0.25
34.0	9.0	1.0	0.25
35.0	9.0	1.0	0.25
38.0	9.0	1.0	0.25
39.0	9.0	1.0	0.25
40.0	10.0	1.0	0.25
41.0	10.0	1.0	0.25
44.0	10.0	1.0	0.25
45.0	10.0	1.0	0.25
42.0	11.0	1.0	0.25
43.0	11.0	1.0	0.25
46.0	11.0	1.0	0.25
47.0	11.0	1.0	0.25
53.0	12.0	1.0	0.25
52.0	12.0	1.0	0.25
49.0	12.0	1.0	0.25
48.0	12.0	1.0	0.25
50.0	13.0	1.0	0.25
51.0	13.0	1.0	0.25
54.0	13.0	1.0	0.25
55.0	13.0	1.0	0.25
56.0	14.0	1.0	0.25
57.0	14.0	1.0	0.25
60.0	14.0	1.0	0.25
61.0	14.0	1.0	0.25
58.0	15.0	1.0	0.25
59.0	15.0	1.0	0.25
62.0	15.0	1.0	0.25
63.0	15.0	1.0	0.25
68.0	16.0	1.0	0.25
69.0	16.0	1.0	0.25
64.0	16.0	1.0	0.25
65.0	16.0	1.0	0.25
71.0	17.0	1.0	0.25
70.0	17.0	1.0	0.25
67.0	17.0	1.0	0.25
66.0	17.0	1.0	0.25
72.0	18.0	1.0	0.25
73.0	18.0	1.0	0.25
76.0	18.0	1.0	0.25
77.0	18.0	1.0	0.25
74.0	19.0	1.0	0.25
75.0	19.0	1.0	0.25
78.0	19.0	1.0	0.25
79.0	19.0	1.0	0.25
80.0	20.0	1.0	0.25
81.0	20.0	1.0	0.25
84.0	20.0	1.0	0.25
85.0	20.0	1.0	0.25
86.0	21.0	1.0	0.25
87.0	21.0	1.0	0.25
82.0	21.0	1.0	0.25
83.0	21.0	1.0	0.25
88.0	22.0	1.0	0.25
89.0	22.0	1.0	0.25
92.0	22.0	1.0	0.25
93.0	22.0	1.0	0.25
94.0	23.0	1.0	0.25
95.0	23.0	1.0	0.25
90.0	23.0	1.0	0.25
91.0	23.0	1.0	0.25
96.0	24.0	1.0	0.25
97.0	24.0	1.0	0.25
100.0	24.0	1.0	0.25
101.0	24.0	1.0	0.25
98.0	25.0	1.0	0.25
99.0	25.0	1.0	0.25
102.0	25.0	1.0	0.25
103.0	25.0	1.0	0.25
108.0	26.0	1.0	0.25
109.0	26.0	1.0	0.25
105.0	26.0	1.0	0.25
104.0	26.0	1.0	0.25
106.0	27.0	1.0	0.25
107.0	27.0	1.0	0.25
110.0	27.0	1.0	0.25
111.0	27.0	1.0	0.25
112.0	28.0	1.0	0.25
113.0	28.0	1.0	0.25
116.0	28.0	1.0	0.25
117.0	28.0	1.0	0.25
119.0	29.0	1.0	0.25
114.0	29.0	1.0	0.25
115.0	29.0	1.0	0.25
118.0	29.0	1.0	0.25
125.0	30.0	1.0	0.25
124.0	30.0	1.0	0.25
121.0	30.0	1.0	0.25
120.0	30.0	1.0	0.25
122.0	31.0	1.0	0.25
123.0	31.0	1.0	0.25
126.0	31.0	1.0	0.25
127.0	31.0	1.0	0.25
133.0	32.0	1.0	0.25
128.0	32.0	1.0	0.25
129.0	32.0	1.0	0.25
132.0	32.0	1.0	0.25
134.0	33.0	1.0	0.25
135.0	33.0	1.0	0.25
130.0	33.0	1.0	0.25
131.0	33.0	1.0	0.25
140.0	34.0	1.0	0.25
141.0	34.0	1.0	0.25
136.0	34.0	1.0	0.25
137.0	34.0	1.0	0.25
143.0	35.0	1.0	0.25
142.0	35.0	1.0	0.25
139.0	35.0	1.0	0.25
138.0	35.0	1.0	0.25
144.0	36.0	1.0	0.25
145.0	36.0	1.0	0.25
148.0	36.0	1.0	0.25
149.0	36.0	1.0	0.25
146.0	37.0	1.0	0.25
147.0	37.0	1.0	0.25
150.0	37.0	1.0	0.25
151.0	37.0	1.0	0.25
152.0	38.0	1.0	0.25
153.0	38.0	1.0	0.25
156.0	38.0	1.0	0.25
157.0	38.0	1.0	0.25
158.0	39.0	1.0	0.25
159.0	39.0	1.0	0.25
154.0	39.0	1.0	0.25
155.0	39.0	1.0	0.25
160.0	40.0	1.0	0.25
161.0	40.0	1.0	0.25
164.0	40.0	1.0	0.25
165.0	40.0	1.0	0.25
166.0	41.0	1.0	0.25
167.0	41.0	1.0	0.25
162.0	41.0	1.0	0.25
163.0	41.0	1.0	0.25
168.0	42.0	1.0	0.25
169.0	42.0	1.0	0.25
172.0	42.0	1.0	0.25
173.0	42.0	1.0	0.25
170.0	43.0	1.0	0.25
171.0	43.0	1.0	0.25
174.0	43.0	1.0	0.25
175.0	43.0	1.0	0.25
181.0	44.0	1.0	0.25
180.0	44.0	1.0	0.25
177.0	44.0	1.0	0.25
176.0	44.0	1.0	0.25
178.0	45.0	1.0	0.25
179.0	45.0	1.0	0.25
182.0	45.0	1.0	0.25
183.0	45.0	1.0	0.25
184.0	46.0	1.0	0.25
185.0	46.0	1.0	0.25
188.0	46.0	1.0	0.25
189.0	46.0	1.0	0.25
191.0	47.0	1.0	0.25
190.0	47.0	1.0	0.25
186.0	47.0	1.0	0.25
187.0	47.0	1.0	0.25
192.0	48.0	1.0	0.25
193.0	48.0	1.0	0.25
196.0	48.0	1.0	0.25
197.0	48.0	1.0	0.25
199.0	49.0	1.0	0.25
198.0	49.0	1.0	0.25
194.0	49.0	1.0	0.25
195.0	49.0	1.0	0.25
200.0	50.0	1.0	0.25
201.0	50.0	1.0	0.25
204.0	50.0	1.0	0.25
205.0	50.0	1.0	0.25
202.0	51.0	1.0	0.25
203.0	51.0	1.0	0.25
206.0	51.0	1.0	0.25
207.0	51.0	1.0	0.25
208.0	52.0	1.0	0.25
209.0	52.0	1.0	0.25
212.0	52.0	1.0	0.25
213.0	52.0	1.0	0.25
214.0	53.0	1.0	0.25
215.0	53.0	1.0	0.25
211.0	53.0	1.0	0.25
210.0	53.0	1.0	0.25
216.0	54.0	1.0	0.25
217.0	54.0	1.0	0.25
220.0	54.0	1.0	0.25
221.0	54.0	1.0	0.25
218.0	55.0	1.0	0.25
219.0	55.0	1.0	0.25
222.0	55.0	1.0	0.25
223.0	55.0	1.0	0.25
224.0	56.0	1.0	0.25
225.0	56.0	1.0	0.25
228.0	56.0	1.0	0.25
229.0	56.0	1.0	0.25
230.0	57.0	1.0	0.25
231.0	57.0	1.0	0.25
227.0	57.0	1.0	0.25
226.0	57.0	1.0	0.25
232.0	58.0	1.0	0.25
233.0	58.0	1.0	0.25
236.0	58.0	1.0	0.25
237.0	58.0	1.0	0.25
234.0	59.0	1.0	0.25
235.0	59.0	1.0	0.25
238.0	59.0	1.0	0.25
239.0	59.0	1.0	0.25
240.0	60.0	1.0	0.25
241.0	60.0	1.0	0.25
244.0	60.0	1.0	0.25
245.0	60.0	1.0	0.25
247.0	61.0	1.0	0.25
246.0	61.0	1.0	0.25
243.0	61.0	1.0	0.25
242.0	61.0	1.0	0.25
248.0	62.0	1.0	0.25
249.0	62.0	1.0	0.25
252.0	62.0	1.0	0.25
253.0	62.0	1.0	0.25
250.0	63.0	1.0	0.25
251.0	63.0	1.0	0.25
254.0	63.0	1.0	0.25
255.0	63.0	1.0	0.25
256.0	64.0	1.0	0.25
257.0	64.0	1.0	0.25
260.0	64.0	1.0	0.25
261.0	64.0	1.0	0.25
263.0	65.0	1.0	0.25
262.0	65.0	1.0	0.25
259.0	65.0	1.0	0.25
258.0	65.0	1.0	0.25
264.0	66.0	1.0	0.25
265.0	66.0	1.0	0.25
268.0	66.0	1.0	0.25
269.0	66.0	1.0	0.25
266.0	67.0	1.0	0.25
267.0	67.0	1.0	0.25
270.0	67.0	1.0	0.25
271.0	67.0	1.0	0.25
272.0	68.0	1.0	0.25
273.0	68.0	1.0	0.25
276.0	68.0	1.0	0.25
277.0	68.0	1.0	0.25
278.0	69.0	1.0	0.25
279.0	69.0	1.0	0.25
274.0	69.0	1.0	0.25
275.0	69.0	1.0	0.25
284.0	70.0	1.0	0.25
285.0	70.0	1.0	0.25
280.0	70.0	1.0	0.25
281.0	70.0	1.0	0.25
286.0	71.0	1.0	0.25
287.0	71.0	1.0	0.25
282.0	71.0	1.0	0.25
283.0	71.0	1.0	0.25
288.0	72.0	1.0	0.25
289.0	72.0	1.0	0.25
292.0	72.0	1.0	0.25
293.0	72.0	1.0	0.25
290.0	73.0	1.0	0.25
291.0	73.0	1.0	0.25
294.0	73.0	1.0	0.25
295.0	73.0	1.0	0.25
301.0	74.0	1.0	0.25
300.0	74.0	1.0	0.25
296.0	74.0	1.0	0.25
297.0	74.0	1.0	0.25
298.0	75.0	1.0	0.25
299.0	75.0	1.0	0.25
302.0	75.0	1.0	0.25
303.0	75.0	1.0	0.25
309.0	76.0	1.0	0.25
308.0	76.0	1.0	0.25
304.0	76.0	1.0	0.25
305.0	76.0	1.0	0.25
306.0	77.0	1.0	0.25
307.0	77.0	1.0	0.25
310.0	77.0	1.0	0.25
311.0	77.0	1.0	0.25
312.0	78.0	1.0	0.25
313.0	78.0	1.0	0.25
316.0	78.0	1.0	0.25
317.0	78.0	1.0	0.25
319.0	79.0	1.0	0.25
314.0	79.0	1.0	0.25
315.0	79.0	1.0	0.25
318.0	79.0	1.0	0.25
325.0	80.0	1.0	0.25
324.0	80.0	1.0	0.25
320.0	80.0	1.0	0.25
321.0	80.0	1.0	0.25
322.0	81.0	1.0	0.25
323.0	81.0	1.0	0.25
326.0	81.0	1.0	0.25
327.0	81.0	1.0	0.25
328.0	82.0	1.0	0.25
329.0	82.0	1.0	0.25
332.0	82.0	1.0	0.25
333.0	82.0	1.0	0.25
330.0	83.0	1.0	0.25
331.0	83.0	1.0	0.25
334.0	83.0	1.0	0.25
335.0	83.0	1.0	0.25
341.0	84.0	1.0	0.25
340.0	84.0	1.0	0.25
337.0	84.0	1.0	0.25
336.0	84.0	1.0	0.25
338.0	85.0	1.0	0.25
339.0	85.0	1.0	0.25
342.0	85.0	1.0	0.25
343.0	85.0	1.0	0.25
344.0	86.0	1.0	0.25
345.0	86.0	1.0	0.25
348.0	86.0	1.0	0.25
349.0	86.0	1.0	0.25
346.0	87.0	1.0	0.25
347.0	87.0	1.0	0.25
350.0	87.0	1.0	0.25
351.0	87.0	1.0	0.25
356.0	88.0	1.0	0.25
357.0	88.0	1.0	0.25
352.0	88.0	1.0	0.25
353.0	88.0	1.0	0.25
359.0	89.0	1.0	0.25
358.0	89.0	1.0	0.25
355.0	89.0	1.0	0.25
354.0	89.0	1.0	0.25
360.0	90.0	1.0	0.25
361.0	90.0	1.0	0.25
364.0	90.0	1.0	0.25
365.0	90.0	1.0	0.25
362.0	91.0	1.0	0.25
363.0	91.0	1.0	0.25
366.0	91.0	1.0	0.25
367.0	91.0	1.0	0.25
368.0	92.0	1.0	0.25
369.0	92.0	1.0	0.25
372.0	92.0	1.0	0.25
373.0	92.0	1.0	0.25
374.0	93.0	1.0	0.25
375.0	93.0	1.0	0.25
370.0	93.0	1.0	0.25
371.0	93.0	1.0	0.25
376.0	94.0	1.0	0.25
377.0	94.0	1.0	0.25
380.0	94.0	1.0	0.25
381.0	94.0	1.0	0.25
382.0	95.0	1.0	0.25
383.0	95.0	1.0	0.25
378.0	95.0	1.0	0.25
379.0	95.0	1.0	0.25
384.0	96.0	1.0	0.25
385.0	96.0	1.0	0.25
388.0	96.0	1.0	0.25
389.0	96.0	1.0	0.25
386.0	97.0	1.0	0.25
387.0	97.0	1.0	0.25
390.0	97.0	1.0	0.25
391.0	97.0	1.0	0.25
397.0	98.0	1.0	0.25
396.0	98.0	1.0	0.25
393.0	98.0	1.0	0.25
392.0	98.0	1.0	0.25
394.0	99.0	1.0	0.25
395.0	99.0	1.0	0.25
398.0	99.0	1.0	0.25
399.0	99.0	1.0	0.25
400.0	100.0	1.0	0.25
401.0	100.0	1.0	0.25
404.0	100.0	1.0	0.25
405.0	100.0	1.0	0.25
402.0	101.0	1.0	0.25
403.0	101.0	1.0	0.25
406.0	101.0	1.0	0.25
407.0	101.0	1.0	0.25
412.0	102.0	1.0	0.25
413.0	102.0	1.0	0.25
408.0	102.0	1.0	0.25
409.0	102.0	1.0	0.25
410.0	103.0	1.0	0.25
411.0	103.0	1.0	0.25
414.0	103.0	1.0	0.25
415.0	103.0	1.0	0.25
420.0	104.0	1.0	0.25
421.0	104.0	1.0	0.25
416.0	104.0	1.0	0.25
417.0	104.0	1.0	0.25
418.0	105.0	1.0	0.25
419.0	105.0	1.0	0.25
422.0	105.0	1.0	0.25
423.0	105.0	1.0	0.25
429.0	106.0	1.0	0.25
424.0	106.0	1.0	0.25
425.0	106.0	1.0	0.25
428.0	106.0	1.0	0.25
431.0	107.0	1.0	0.25
430.0	107.0	1.0	0.25
426.0	107.0	1.0	0.25
427.0	107.0	1.0	0.25
432.0	108.0	1.0	0.25
433.0	108.0	1.0	0.25
436.0	108.0	1.0	0.25
437.0	108.0	1.0	0.25
434.0	109.0	1.0	0.25
435.0	109.0	1.0	0.25
438.0	109.0	1.0	0.25
439.0	109.0	1.0	0.25
445.0	110.0	1.0	0.25
444.0	110.0	1.0	0.25
440.0	110.0	1.0	0.25
441.0	110.0	1.0	0.25
442.0	111.0	1.0	0.25
443.0	111.0	1.0	0.25
446.0	111.0	1.0	0.25
447.0	111.0	1.0	0.25
453.0	112.0	1.0	0.25
452.0	112.0	1.0	0.25
448.0	112.0	1.0	0.25
449.0	112.0	1.0	0.25
450.0	113.0	1.0	0.25
451.0	113.0	1.0	0.25
454.0	113.0	1.0	0.25
455.0	113.0	1.0	0.25
456.0	114.0	1.0	0.25
457.0	114.0	1.0	0.25
460.0	114.0	1.0	0.25
461.0	114.0	1.0	0.25
463.0	115.0	1.0	0.25
458.0	115.0	1.0	0.25
459.0	115.0	1.0	0.25
462.0	115.0	1.0	0.25
469.0	116.0	1.0	0.25
468.0	116.0	1.0	0.25
465.0	116.0	1.0	0.25
464.0	116.0	1.0	0.25
466.0	117.0	1.0	0.25
467.0	117.0	1.0	0.25
470.0	117.0	1.0	0.25
471.0	117.0	1.0	0.25
472.0	118.0	1.0	0.25
473.0	118.0	1.0	0.25
476.0	118.0	1.0	0.25
477.0	118.0	1.0	0.25
474.0	119.0	1.0	0.25
475.0	119.0	1.0	0.25
478.0	119.0	1.0	0.25
479.0	119.0	1.0	0.25
484.0	120.0	1.0	0.25
485.0	120.0	1.0	0.25
480.0	120.0	1.0	0.25
481.0	120.0	1.0	0.25
482.0	121.0	1.0	0.25
483.0	121.0	1.0	0.25
486.0	121.0	1.0	0.25
487.0	121.0	1.0	0.25
492.0	122.0	1.0	0.25
493.0	122.0	1.0	0.25
488.0	122.0	1.0	0.25
489.0	122.0	1.0	0.25
490.0	123.0	1.0	0.25
491.0	123.0	1.0	0.25
494.0	123.0	1.0	0.25
495.0	123.0	1.0	0.25
501.0	124.0	1.0	0.25
496.0	124.0	1.0	0.25
497.0	124.0	1.0	0.25
500.0	124.0	1.0	0.25
503.0	125.0	1.0	0.25
502.0	125.0	1.0	0.25
498.0	125.0	1.0	0.25
499.0	125.0	1.0	0.25
504.0	126.0	1.0	0.25
505.0	126.0	1.0	0.25
508.0	126.0	1.0	0.25
509.0	126.0	1.0	0.25
506.0	127.0	1.0	0.25
507.0	127.0	1.0	0.25
510.0	127.0	1.0	0.25
511.0	127.0	1.0	0.25
512.0	128.0	1.0	0.25
513.0	128.0	1.0	0.25
516.0	128.0	1.0	0.25
517.0	128.0	1.0	0.25
518.0	129.0	1.0	0.25
519.0	129.0	1.0	0.25
514.0	129.0	1.0	0.25
515.0	129.0	1.0	0.25
525.0	130.0	1.0	0.25
524.0	130.0	1.0	0.25
520.0	130.0	1.0	0.25
521.0	130.0	1.0	0.25
522.0	131.0	1.0	0.25
523.0	131.0	1.0	0.25
526.0	131.0	1.0	0.25
527.0	131.0	1.0	0.25
528.0	132.0	1.0	0.25
529.0	132.0	1.0	0.25
532.0	132.0	1.0	0.25
533.0	132.0	1.0	0.25
535.0	133.0	1.0	0.25
530.0	133.0	1.0	0.25
531.0	133.0	1.0	0.25
534.0	133.0	1.0	0.25
541.0	134.0	1.0	0.25
540.0	134.0	1.0	0.25
536.0	134.0	1.0	0.25
537.0	134.0	1.0	0.25
538.0	135.0	1.0	0.25
539.0	135.0	1.0	0.25
542.0	135.0	1.0	0.25
543.0	135.0	1.0	0.25
548.0	136.0	1.0	0.25
549.0	136.0	1.0	0.25
544.0	136.0	1.0	0.25
545.0	136.0	1.0	0.25
546.0	137.0	1.0	0.25
547.0	137.0	1.0	0.25
550.0	137.0	1.0	0.25
551.0	137.0	1.0	0.25
552.0	138.0	1.0	0.25
553.0	138.0	1.0	0.25
556.0	138.0	1.0	0.25
557.0	138.0	1.0	0.25
559.0	139.0	1.0	0.25
558.0	139.0	1.0	0.25
554.0	139.0	1.0	0.25
555.0	139.0	1.0	0.25
560.0	140.0	1.0	0.25
561.0	140.0	1.0	0.25
564.0	140.0	1.0	0.25
565.0	140.0	1.0	0.25
567.0	141.0	1.0	0.25
562.0	141.0	1.0	0.25
563.0	141.0	1.0	0.25
566.0	141.0	1.0	0.25
568.0	142.0	1.0	0.25
569.0	142.0	1.0	0.25
572.0	142.0	1.0	0.25
573.0	142.0	1.0	0.25
571.0	143.0	1.0	0.25
574.0	143.0	1.0	0.25
570.0	143.0	1.0	0.25
575.0	143.0	1.0	0.25
