# columns = ['i', 'j', 'delay', 'weight']
0.0	0.0	1.0	0.37208119034767151
28.0	0.0	1.0	-0.073357731103897095
9.0	0.0	1.0	-1.8790673017501831
37.0	0.0	1.0	-0.23062682151794434
10.0	0.0	1.0	-0.51125305891036987
27.0	0.0	1.0	-0.48161286115646368
22.0	0.0	1.0	-4.4377851486206055
33.0	0.0	1.0	-0.19411888718605042
12.0	0.0	1.0	1.494067907333374
13.0	0.0	1.0	-5.1614565849304199
26.0	0.0	1.0	3.4567489624023438
36.0	0.0	1.0	0.12984398007392883
8.0	0.0	1.0	0.14051003754138947
14.0	0.0	1.0	0.033401407301425934
16.0	0.0	1.0	-4.2517666816711426
25.0	0.0	1.0	1.0190486907958984
17.0	0.0	1.0	-5.1669116020202637
35.0	0.0	1.0	0.67593216896057129
18.0	0.0	1.0	0.10179594904184341
19.0	0.0	1.0	-4.3765959739685059
24.0	0.0	1.0	0.89877575635910034
20.0	0.0	1.0	0.12781542539596558
23.0	0.0	1.0	-0.061543501913547509
21.0	0.0	1.0	-4.9681529998779297
34.0	0.0	1.0	-4.007288932800293
15.0	0.0	1.0	-5.8922185897827148
7.0	0.0	1.0	-0.2837429940700531
11.0	0.0	1.0	-5.0624842643737793
29.0	0.0	1.0	0.1776002049446106
30.0	0.0	1.0	-3.3893284797668457
4.0	0.0	1.0	1.4607990980148315
2.0	0.0	1.0	-4.1916399002075195
39.0	0.0	1.0	-4.4207768440246582
5.0	0.0	1.0	0.3336186408996582
32.0	0.0	1.0	-0.080608099699020386
1.0	0.0	1.0	-0.030188435688614845
3.0	0.0	1.0	-4.6010551452636719
6.0	0.0	1.0	-3.167513370513916
31.0	0.0	1.0	0.46079376339912415
38.0	0.0	1.0	0.21717922389507294
20.0	1.0	1.0	0.26656645536422729
34.0	1.0	1.0	1.4029368162155151
25.0	1.0	1.0	-0.035905174911022186
31.0	1.0	1.0	-4.8153800964355469
0.0	1.0	1.0	-3.2859928607940674
30.0	1.0	1.0	1.9228754043579099
16.0	1.0	1.0	0.77930718660354614
35.0	1.0	1.0	-4.3510522842407227
17.0	1.0	1.0	-2.5841968059539795
21.0	1.0	1.0	-6.0017900466918945
18.0	1.0	1.0	-2.69028639793396
39.0	1.0	1.0	0.25534060597419739
15.0	1.0	1.0	-0.31492748856544495
19.0	1.0	1.0	0.62616437673568726
1.0	1.0	1.0	-0.28751066327095032
23.0	1.0	1.0	-2.2755727767944336
2.0	1.0	1.0	1.5300827026367187
24.0	1.0	1.0	-3.2504830360412598
33.0	1.0	1.0	-0.1336778998374939
22.0	1.0	1.0	-7.6831183433532706
29.0	1.0	1.0	-5.0672049522399902
5.0	1.0	1.0	0.8096352219581604
10.0	1.0	1.0	-0.0533001609146595
27.0	1.0	1.0	0.25132092833518982
8.0	1.0	1.0	-3.4124634265899658
38.0	1.0	1.0	-0.24503497779369357
11.0	1.0	1.0	-5.1772041320800781
6.0	1.0	1.0	-4.7303581237792969
28.0	1.0	1.0	0.077555395662784576
9.0	1.0	1.0	3.7005479335784912
4.0	1.0	1.0	-2.5581762790679932
12.0	1.0	1.0	-0.053719956427812576
7.0	1.0	1.0	-1.3037391901016235
26.0	1.0	1.0	-3.5067436695098877
36.0	1.0	1.0	0.096932664513587952
13.0	1.0	1.0	1.8064082860946655
32.0	1.0	1.0	-0.20024010539054871
3.0	1.0	1.0	-5.0075302124023437
14.0	1.0	1.0	-2.281682014465332
37.0	1.0	1.0	-4.9944500923156738
28.0	2.0	1.0	-1.0370090007781982
25.0	2.0	1.0	-4.5248823165893555
23.0	2.0	1.0	-0.030908342450857162
32.0	2.0	1.0	-0.26768824458122253
29.0	2.0	1.0	-4.8886332511901855
33.0	2.0	1.0	-2.4144196510314941
26.0	2.0	1.0	-2.5832586288452148
30.0	2.0	1.0	-3.5287904739379883
27.0	2.0	1.0	0.44742441177368164
24.0	2.0	1.0	0.0092420298606157303
35.0	2.0	1.0	0.34154748916625977
21.0	2.0	1.0	0.74508142471313477
0.0	2.0	1.0	-0.1765349805355072
1.0	2.0	1.0	-3.2994050979614258
2.0	2.0	1.0	0.55880117416381836
3.0	2.0	1.0	0.87343943119049072
38.0	2.0	1.0	0.074374713003635406
4.0	2.0	1.0	-5.808499813079834
5.0	2.0	1.0	-4.9252262115478516
6.0	2.0	1.0	0.72300273180007935
7.0	2.0	1.0	-4.5645241737365723
37.0	2.0	1.0	2.2749001979827881
8.0	2.0	1.0	-4.0313196182250977
9.0	2.0	1.0	-3.6704366207122803
10.0	2.0	1.0	-2.3960535526275635
22.0	2.0	1.0	0.76299470663070679
11.0	2.0	1.0	0.97217130661010742
31.0	2.0	1.0	-4.1195569038391113
12.0	2.0	1.0	-4.3201308250427246
34.0	2.0	1.0	0.98059636354446411
20.0	2.0	1.0	-2.6374714374542236
39.0	2.0	1.0	0.32895869016647339
19.0	2.0	1.0	0.26793280243873596
36.0	2.0	1.0	0.073045186698436737
17.0	2.0	1.0	2.3894662857055664
18.0	2.0	1.0	0.08917110413312912
16.0	2.0	1.0	1.6725378036499023
15.0	2.0	1.0	0.22081466019153595
14.0	2.0	1.0	-0.10828330367803574
13.0	2.0	1.0	1.0211704969406128
34.0	3.0	1.0	-3.8528678417205811
35.0	3.0	1.0	-3.2551248073577881
33.0	3.0	1.0	-0.1036161482334137
38.0	3.0	1.0	-2.0780961513519287
32.0	3.0	1.0	-1.6487736701965332
37.0	3.0	1.0	-3.284477710723877
36.0	3.0	1.0	-1.4353569746017456
19.0	3.0	1.0	-2.3856453895568848
30.0	3.0	1.0	1.6258131265640259
0.0	3.0	1.0	-1.5687485933303833
1.0	3.0	1.0	0.023635284975171089
2.0	3.0	1.0	-2.7570254802703857
3.0	3.0	1.0	0.94809293746948242
4.0	3.0	1.0	-2.3923220634460449
5.0	3.0	1.0	-1.7188944816589355
6.0	3.0	1.0	0.44570353627204895
7.0	3.0	1.0	1.0480483770370483
8.0	3.0	1.0	0.13407208025455475
9.0	3.0	1.0	-5.4976897239685059
10.0	3.0	1.0	-3.7279524803161621
11.0	3.0	1.0	0.97005832195281971
12.0	3.0	1.0	-3.7615673542022705
13.0	3.0	1.0	-3.0645303726196289
14.0	3.0	1.0	-0.023736236616969109
15.0	3.0	1.0	-3.1826646327972412
16.0	3.0	1.0	-5.8369259834289551
17.0	3.0	1.0	-2.2420430183410645
18.0	3.0	1.0	0.16051244735717773
20.0	3.0	1.0	-1.2150797843933105
21.0	3.0	1.0	0.84882849454879761
22.0	3.0	1.0	1.2744309902191162
23.0	3.0	1.0	-0.071760594844818115
24.0	3.0	1.0	-2.550900936126709
25.0	3.0	1.0	-2.8230466842651367
26.0	3.0	1.0	-2.7280228137969971
27.0	3.0	1.0	-4.4969415664672852
28.0	3.0	1.0	-2.8503146171569824
29.0	3.0	1.0	0.97075194120407093
31.0	3.0	1.0	1.2867476940155029
39.0	3.0	1.0	1.024590015411377
