# columns = ['i', 'j', 'delay', 'weight']
0.0	0.0	1.0	0.31078091263771057
5.0	0.0	1.0	0.35906440019607544
7.0	0.0	1.0	0.3398134708404541
4.0	0.0	1.0	0.39754053950309753
8.0	0.0	1.0	-0.85502582788467407
9.0	0.0	1.0	0.2521074116230011
3.0	0.0	1.0	0.18904536962509155
6.0	0.0	1.0	-0.5062263011932373
10.0	0.0	1.0	-0.60916620492935181
14.0	0.0	1.0	0.2572290301322937
15.0	0.0	1.0	-0.67814314365386963
13.0	0.0	1.0	-0.73871946334838867
1.0	0.0	1.0	-0.42971763014793396
11.0	0.0	1.0	-0.55505061149597168
12.0	0.0	1.0	0.59329253435134888
2.0	0.0	1.0	-0.62249487638473511
13.0	1.0	1.0	0.17918515205383301
10.0	1.0	1.0	0.24880349636077881
8.0	1.0	1.0	0.2008974552154541
7.0	1.0	1.0	-0.64003962278366089
11.0	1.0	1.0	0.65275275707244873
12.0	1.0	1.0	0.34552952647209167
9.0	1.0	1.0	0.22898989915847778
6.0	1.0	1.0	0.67246764898300171
5.0	1.0	1.0	-0.90874046087265015
14.0	1.0	1.0	0.28705239295959473
0.0	1.0	1.0	0.27928730845451355
4.0	1.0	1.0	-0.0014875327469781041
15.0	1.0	1.0	-0.94222468137741089
1.0	1.0	1.0	0.047845106571912766
2.0	1.0	1.0	-1.0950921773910522
3.0	1.0	1.0	-1.124829888343811
11.0	2.0	1.0	-0.47494518756866455
0.0	2.0	1.0	0.1483396589756012
10.0	2.0	1.0	-0.24403658509254456
1.0	2.0	1.0	0.59768742322921753
2.0	2.0	1.0	0.35230574011802673
9.0	2.0	1.0	-0.87706023454666138
12.0	2.0	1.0	-0.81301486492156982
13.0	2.0	1.0	0.65373176336288452
8.0	2.0	1.0	0.50855696201324463
3.0	2.0	1.0	0.091770835220813751
14.0	2.0	1.0	0.14670498669147491
15.0	2.0	1.0	0.45229732990264893
7.0	2.0	1.0	-1.151546835899353
4.0	2.0	1.0	0.22971227765083313
6.0	2.0	1.0	-0.56655889749526978
5.0	2.0	1.0	-0.058925960212945938
13.0	3.0	1.0	0.42193731665611267
12.0	3.0	1.0	-0.41449198126792908
14.0	3.0	1.0	-0.79605036973953247
7.0	3.0	1.0	0.25209859013557434
10.0	3.0	1.0	0.70734834671020508
9.0	3.0	1.0	0.5019298791885376
8.0	3.0	1.0	0.53979682922363281
6.0	3.0	1.0	-0.62004995346069336
5.0	3.0	1.0	0.22679772973060608
4.0	3.0	1.0	-0.60724782943725586
3.0	3.0	1.0	0.1204933300614357
2.0	3.0	1.0	0.29140448570251465
1.0	3.0	1.0	-0.9568384885787965
0.0	3.0	1.0	-0.7062726616859436
11.0	3.0	1.0	-0.69240283966064453
15.0	3.0	1.0	-0.26748979091644287
