# columns = ['i', 'j', 'delay', 'weight']
0.0	0.0	1.0	0.079129301011562347
5.0	0.0	1.0	0.18139766156673431
7.0	0.0	1.0	0.12237972766160966
4.0	0.0	1.0	0.25466206669807434
8.0	0.0	1.0	0.084616020321846008
9.0	0.0	1.0	0.074285648763179779
3.0	0.0	1.0	0.10030260682106018
6.0	0.0	1.0	0.04385075718164444
10.0	0.0	1.0	0.12889601290225983
14.0	0.0	1.0	0.035377547144889832
15.0	0.0	1.0	0.12599590420722961
13.0	0.0	1.0	0.17389269173145294
1.0	0.0	1.0	0.23786343634128571
11.0	0.0	1.0	0.070827983319759369
12.0	0.0	1.0	0.092836901545524597
2.0	0.0	1.0	0.18104265630245209
13.0	1.0	1.0	0.30283710360527039
10.0	1.0	1.0	0.14376853406429291
8.0	1.0	1.0	0.0047335554845631123
7.0	1.0	1.0	0.36689791083335876
11.0	1.0	1.0	0.26547583937644958
12.0	1.0	1.0	0.0099367368966341019
9.0	1.0	1.0	0.001858530449680984
6.0	1.0	1.0	0.0023801501374691725
5.0	1.0	1.0	0.037838779389858246
14.0	1.0	1.0	0.0039348630234599113
0.0	1.0	1.0	0.0025320642162114382
4.0	1.0	1.0	0.13286836445331573
15.0	1.0	1.0	0.01121558528393507
1.0	1.0	1.0	0.08016340434551239
2.0	1.0	1.0	0.055365845561027527
3.0	1.0	1.0	0.38204777240753174
11.0	2.0	1.0	0.25823307037353516
0.0	2.0	1.0	0.0056344545446336269
10.0	2.0	1.0	0.39093834161758423
1.0	2.0	1.0	0.15180344879627228
2.0	2.0	1.0	0.0024193632416427135
9.0	2.0	1.0	0.0092635937035083771
12.0	2.0	1.0	0.3857634961605072
13.0	2.0	1.0	0.014772010035812855
8.0	2.0	1.0	0.011178742162883282
3.0	2.0	1.0	0.09302789717912674
14.0	2.0	1.0	0.34879139065742493
15.0	2.0	1.0	0.17250432074069977
7.0	2.0	1.0	0.010924963280558586
4.0	2.0	1.0	0.11880572885274887
6.0	2.0	1.0	0.22483755648136139
5.0	2.0	1.0	0.005200651939958334
13.0	3.0	1.0	0.0018027946352958679
12.0	3.0	1.0	0.0061534019187092781
14.0	3.0	1.0	0.1220342293381691
7.0	3.0	1.0	0.0013357849093154073
10.0	3.0	1.0	0.0028926664963364601
9.0	3.0	1.0	0.015188028104603291
8.0	3.0	1.0	0.039042897522449493
6.0	3.0	1.0	0.2114323228597641
5.0	3.0	1.0	0.38496583700180054
4.0	3.0	1.0	0.11464620381593704
3.0	3.0	1.0	0.0036111571826040745
2.0	3.0	1.0	0.4086897075176239
1.0	3.0	1.0	0.14561448991298676
0.0	3.0	1.0	0.010919084772467613
11.0	3.0	1.0	0.0017654669936746359
15.0	3.0	1.0	0.49115046858787537
