# columns = ['i', 'j', 'delay', 'weight']
0.0	0.0	1.0	0.25
1.0	0.0	1.0	0.25
4.0	0.0	1.0	0.25
5.0	0.0	1.0	0.25
2.0	1.0	1.0	0.25
3.0	1.0	1.0	0.25
6.0	1.0	1.0	0.25
7.0	1.0	1.0	0.25
8.0	2.0	1.0	0.25
9.0	2.0	1.0	0.25
12.0	2.0	1.0	0.25
13.0	2.0	1.0	0.25
15.0	3.0	1.0	0.25
14.0	3.0	1.0	0.25
10.0	3.0	1.0	0.25
11.0	3.0	1.0	0.25
16.0	4.0	1.0	0.25
17.0	4.0	1.0	0.25
20.0	4.0	1.0	0.25
21.0	4.0	1.0	0.25
18.0	5.0	1.0	0.25
19.0	5.0	1.0	0.25
22.0	5.0	1.0	0.25
23.0	5.0	1.0	0.25
29.0	6.0	1.0	0.25
24.0	6.0	1.0	0.25
25.0	6.0	1.0	0.25
28.0	6.0	1.0	0.25
31.0	7.0	1.0	0.25
30.0	7.0	1.0	0.25
26.0	7.0	1.0	0.25
27.0	7.0	1.0	0.25
32.0	8.0	1.0	0.25
33.0	8.0	1.0	0.25
36.0	8.0	1.0	0.25
37.0	8.0	1.0	0.25
34.0	9.0	1.0	0.25
35.0	9.0	1.0	0.25
38.0	9.0	1.0	0.25
39.0	9.0	1.0	0.25
45.0	10.0	1.0	0.25
40.0	10.0	1.0	0.25
41.0	10.0	1.0	0.25
44.0	10.0	1.0	0.25
47.0	11.0	1.0	0.25
46.0	11.0	1.0	0.25
43.0	11.0	1.0	0.25
42.0	11.0	1.0	0.25
48.0	12.0	1.0	0.25
49.0	12.0	1.0	0.25
52.0	12.0	1.0	0.25
53.0	12.0	1.0	0.25
55.0	13.0	1.0	0.25
50.0	13.0	1.0	0.25
51.0	13.0	1.0	0.25
54.0	13.0	1.0	0.25
60.0	14.0	1.0	0.25
61.0	14.0	1.0	0.25
56.0	14.0	1.0	0.25
57.0	14.0	1.0	0.25
63.0	15.0	1.0	0.25
62.0	15.0	1.0	0.25
59.0	15.0	1.0	0.25
58.0	15.0	1.0	0.25
64.0	16.0	1.0	0.25
65.0	16.0	1.0	0.25
68.0	16.0	1.0	0.25
69.0	16.0	1.0	0.25
66.0	17.0	1.0	0.25
67.0	17.0	1.0	0.25
70.0	17.0	1.0	0.25
71.0	17.0	1.0	0.25
72.0	18.0	1.0	0.25
73.0	18.0	1.0	0.25
76.0	18.0	1.0	0.25
77.0	18.0	1.0	0.25
79.0	19.0	1.0	0.25
78.0	19.0	1.0	0.25
75.0	19.0	1.0	0.25
74.0	19.0	1.0	0.25
80.0	20.0	1.0	0.25
81.0	20.0	1.0	0.25
84.0	20.0	1.0	0.25
85.0	20.0	1.0	0.25
82.0	21.0	1.0	0.25
83.0	21.0	1.0	0.25
86.0	21.0	1.0	0.25
87.0	21.0	1.0	0.25
88.0	22.0	1.0	0.25
89.0	22.0	1.0	0.25
92.0	22.0	1.0	0.25
93.0	22.0	1.0	0.25
95.0	23.0	1.0	0.25
94.0	23.0	1.0	0.25
91.0	23.0	1.0	0.25
90.0	23.0	1.0	0.25
96.0	24.0	1.0	0.25
97.0	24.0	1.0	0.25
100.0	24.0	1.0	0.25
101.0	24.0	1.0	0.25
98.0	25.0	1.0	0.25
99.0	25.0	1.0	0.25
102.0	25.0	1.0	0.25
103.0	25.0	1.0	0.25
109.0	26.0	1.0	0.25
108.0	26.0	1.0	0.25
105.0	26.0	1.0	0.25
104.0	26.0	1.0	0.25
106.0	27.0	1.0	0.25
107.0	27.0	1.0	0.25
110.0	27.0	1.0	0.25
111.0	27.0	1.0	0.25
112.0	28.0	1.0	0.25
113.0	28.0	1.0	0.25
116.0	28.0	1.0	0.25
117.0	28.0	1.0	0.25
118.0	29.0	1.0	0.25
119.0	29.0	1.0	0.25
114.0	29.0	1.0	0.25
115.0	29.0	1.0	0.25
124.0	30.0	1.0	0.25
125.0	30.0	1.0	0.25
120.0	30.0	1.0	0.25
121.0	30.0	1.0	0.25
127.0	31.0	1.0	0.25
126.0	31.0	1.0	0.25
123.0	31.0	1.0	0.25
122.0	31.0	1.0	0.25
128.0	32.0	1.0	0.25
129.0	32.0	1.0	0.25
132.0	32.0	1.0	0.25
133.0	32.0	1.0	0.25
130.0	33.0	1.0	0.25
131.0	33.0	1.0	0.25
134.0	33.0	1.0	0.25
135.0	33.0	1.0	0.25
136.0	34.0	1.0	0.25
137.0	34.0	1.0	0.25
140.0	34.0	1.0	0.25
141.0	34.0	1.0	0.25
143.0	35.0	1.0	0.25
142.0	35.0	1.0	0.25
139.0	35.0	1.0	0.25
138.0	35.0	1.0	0.25
144.0	36.0	1.0	0.25
145.0	36.0	1.0	0.25
148.0	36.0	1.0	0.25
149.0	36.0	1.0	0.25
146.0	37.0	1.0	0.25
147.0	37.0	1.0	0.25
150.0	37.0	1.0	0.25
151.0	37.0	1.0	0.25
152.0	38.0	1.0	0.25
153.0	38.0	1.0	0.25
156.0	38.0	1.0	0.25
157.0	38.0	1.0	0.25
159.0	39.0	1.0	0.25
158.0	39.0	1.0	0.25
155.0	39.0	1.0	0.25
154.0	39.0	1.0	0.25
160.0	40.0	1.0	0.25
161.0	40.0	1.0	0.25
164.0	40.0	1.0	0.25
165.0	40.0	1.0	0.25
162.0	41.0	1.0	0.25
163.0	41.0	1.0	0.25
166.0	41.0	1.0	0.25
167.0	41.0	1.0	0.25
168.0	42.0	1.0	0.25
169.0	42.0	1.0	0.25
172.0	42.0	1.0	0.25
173.0	42.0	1.0	0.25
175.0	43.0	1.0	0.25
174.0	43.0	1.0	0.25
170.0	43.0	1.0	0.25
171.0	43.0	1.0	0.25
176.0	44.0	1.0	0.25
177.0	44.0	1.0	0.25
180.0	44.0	1.0	0.25
181.0	44.0	1.0	0.25
178.0	45.0	1.0	0.25
179.0	45.0	1.0	0.25
182.0	45.0	1.0	0.25
183.0	45.0	1.0	0.25
184.0	46.0	1.0	0.25
185.0	46.0	1.0	0.25
188.0	46.0	1.0	0.25
189.0	46.0	1.0	0.25
190.0	47.0	1.0	0.25
191.0	47.0	1.0	0.25
187.0	47.0	1.0	0.25
186.0	47.0	1.0	0.25
192.0	48.0	1.0	0.25
193.0	48.0	1.0	0.25
196.0	48.0	1.0	0.25
197.0	48.0	1.0	0.25
194.0	49.0	1.0	0.25
195.0	49.0	1.0	0.25
198.0	49.0	1.0	0.25
199.0	49.0	1.0	0.25
205.0	50.0	1.0	0.25
200.0	50.0	1.0	0.25
201.0	50.0	1.0	0.25
204.0	50.0	1.0	0.25
207.0	51.0	1.0	0.25
206.0	51.0	1.0	0.25
202.0	51.0	1.0	0.25
203.0	51.0	1.0	0.25
208.0	52.0	1.0	0.25
209.0	52.0	1.0	0.25
212.0	52.0	1.0	0.25
213.0	52.0	1.0	0.25
214.0	53.0	1.0	0.25
210.0	53.0	1.0	0.25
211.0	53.0	1.0	0.25
215.0	53.0	1.0	0.25
221.0	54.0	1.0	0.25
220.0	54.0	1.0	0.25
217.0	54.0	1.0	0.25
216.0	54.0	1.0	0.25
218.0	55.0	1.0	0.25
219.0	55.0	1.0	0.25
222.0	55.0	1.0	0.25
223.0	55.0	1.0	0.25
224.0	56.0	1.0	0.25
225.0	56.0	1.0	0.25
228.0	56.0	1.0	0.25
229.0	56.0	1.0	0.25
230.0	57.0	1.0	0.25
231.0	57.0	1.0	0.25
226.0	57.0	1.0	0.25
227.0	57.0	1.0	0.25
232.0	58.0	1.0	0.25
233.0	58.0	1.0	0.25
236.0	58.0	1.0	0.25
237.0	58.0	1.0	0.25
234.0	59.0	1.0	0.25
235.0	59.0	1.0	0.25
238.0	59.0	1.0	0.25
239.0	59.0	1.0	0.25
245.0	60.0	1.0	0.25
240.0	60.0	1.0	0.25
241.0	60.0	1.0	0.25
244.0	60.0	1.0	0.25
246.0	61.0	1.0	0.25
247.0	61.0	1.0	0.25
242.0	61.0	1.0	0.25
243.0	61.0	1.0	0.25
252.0	62.0	1.0	0.25
253.0	62.0	1.0	0.25
248.0	62.0	1.0	0.25
249.0	62.0	1.0	0.25
255.0	63.0	1.0	0.25
254.0	63.0	1.0	0.25
251.0	63.0	1.0	0.25
250.0	63.0	1.0	0.25
256.0	64.0	1.0	0.25
257.0	64.0	1.0	0.25
260.0	64.0	1.0	0.25
261.0	64.0	1.0	0.25
258.0	65.0	1.0	0.25
259.0	65.0	1.0	0.25
262.0	65.0	1.0	0.25
263.0	65.0	1.0	0.25
264.0	66.0	1.0	0.25
265.0	66.0	1.0	0.25
268.0	66.0	1.0	0.25
269.0	66.0	1.0	0.25
271.0	67.0	1.0	0.25
270.0	67.0	1.0	0.25
267.0	67.0	1.0	0.25
266.0	67.0	1.0	0.25
272.0	68.0	1.0	0.25
273.0	68.0	1.0	0.25
276.0	68.0	1.0	0.25
277.0	68.0	1.0	0.25
274.0	69.0	1.0	0.25
275.0	69.0	1.0	0.25
278.0	69.0	1.0	0.25
279.0	69.0	1.0	0.25
280.0	70.0	1.0	0.25
281.0	70.0	1.0	0.25
284.0	70.0	1.0	0.25
285.0	70.0	1.0	0.25
287.0	71.0	1.0	0.25
286.0	71.0	1.0	0.25
283.0	71.0	1.0	0.25
282.0	71.0	1.0	0.25
288.0	72.0	1.0	0.25
289.0	72.0	1.0	0.25
292.0	72.0	1.0	0.25
293.0	72.0	1.0	0.25
290.0	73.0	1.0	0.25
291.0	73.0	1.0	0.25
294.0	73.0	1.0	0.25
295.0	73.0	1.0	0.25
296.0	74.0	1.0	0.25
297.0	74.0	1.0	0.25
300.0	74.0	1.0	0.25
301.0	74.0	1.0	0.25
303.0	75.0	1.0	0.25
302.0	75.0	1.0	0.25
298.0	75.0	1.0	0.25
299.0	75.0	1.0	0.25
304.0	76.0	1.0	0.25
305.0	76.0	1.0	0.25
308.0	76.0	1.0	0.25
309.0	76.0	1.0	0.25
306.0	77.0	1.0	0.25
307.0	77.0	1.0	0.25
310.0	77.0	1.0	0.25
311.0	77.0	1.0	0.25
312.0	78.0	1.0	0.25
313.0	78.0	1.0	0.25
316.0	78.0	1.0	0.25
317.0	78.0	1.0	0.25
319.0	79.0	1.0	0.25
318.0	79.0	1.0	0.25
315.0	79.0	1.0	0.25
314.0	79.0	1.0	0.25
320.0	80.0	1.0	0.25
321.0	80.0	1.0	0.25
324.0	80.0	1.0	0.25
325.0	80.0	1.0	0.25
322.0	81.0	1.0	0.25
323.0	81.0	1.0	0.25
326.0	81.0	1.0	0.25
327.0	81.0	1.0	0.25
328.0	82.0	1.0	0.25
329.0	82.0	1.0	0.25
332.0	82.0	1.0	0.25
333.0	82.0	1.0	0.25
335.0	83.0	1.0	0.25
334.0	83.0	1.0	0.25
331.0	83.0	1.0	0.25
330.0	83.0	1.0	0.25
336.0	84.0	1.0	0.25
337.0	84.0	1.0	0.25
340.0	84.0	1.0	0.25
341.0	84.0	1.0	0.25
338.0	85.0	1.0	0.25
339.0	85.0	1.0	0.25
342.0	85.0	1.0	0.25
343.0	85.0	1.0	0.25
344.0	86.0	1.0	0.25
345.0	86.0	1.0	0.25
348.0	86.0	1.0	0.25
349.0	86.0	1.0	0.25
351.0	87.0	1.0	0.25
350.0	87.0	1.0	0.25
346.0	87.0	1.0	0.25
347.0	87.0	1.0	0.25
352.0	88.0	1.0	0.25
353.0	88.0	1.0	0.25
356.0	88.0	1.0	0.25
357.0	88.0	1.0	0.25
354.0	89.0	1.0	0.25
355.0	89.0	1.0	0.25
358.0	89.0	1.0	0.25
359.0	89.0	1.0	0.25
365.0	90.0	1.0	0.25
360.0	90.0	1.0	0.25
361.0	90.0	1.0	0.25
364.0	90.0	1.0	0.25
367.0	91.0	1.0	0.25
366.0	91.0	1.0	0.25
363.0	91.0	1.0	0.25
362.0	91.0	1.0	0.25
368.0	92.0	1.0	0.25
369.0	92.0	1.0	0.25
372.0	92.0	1.0	0.25
373.0	92.0	1.0	0.25
375.0	93.0	1.0	0.25
370.0	93.0	1.0	0.25
371.0	93.0	1.0	0.25
374.0	93.0	1.0	0.25
380.0	94.0	1.0	0.25
381.0	94.0	1.0	0.25
376.0	94.0	1.0	0.25
377.0	94.0	1.0	0.25
383.0	95.0	1.0	0.25
382.0	95.0	1.0	0.25
379.0	95.0	1.0	0.25
378.0	95.0	1.0	0.25
384.0	96.0	1.0	0.25
385.0	96.0	1.0	0.25
388.0	96.0	1.0	0.25
389.0	96.0	1.0	0.25
386.0	97.0	1.0	0.25
387.0	97.0	1.0	0.25
390.0	97.0	1.0	0.25
391.0	97.0	1.0	0.25
397.0	98.0	1.0	0.25
392.0	98.0	1.0	0.25
393.0	98.0	1.0	0.25
396.0	98.0	1.0	0.25
399.0	99.0	1.0	0.25
398.0	99.0	1.0	0.25
394.0	99.0	1.0	0.25
395.0	99.0	1.0	0.25
400.0	100.0	1.0	0.25
401.0	100.0	1.0	0.25
404.0	100.0	1.0	0.25
405.0	100.0	1.0	0.25
407.0	101.0	1.0	0.25
402.0	101.0	1.0	0.25
403.0	101.0	1.0	0.25
406.0	101.0	1.0	0.25
412.0	102.0	1.0	0.25
413.0	102.0	1.0	0.25
408.0	102.0	1.0	0.25
409.0	102.0	1.0	0.25
415.0	103.0	1.0	0.25
414.0	103.0	1.0	0.25
410.0	103.0	1.0	0.25
411.0	103.0	1.0	0.25
416.0	104.0	1.0	0.25
417.0	104.0	1.0	0.25
420.0	104.0	1.0	0.25
421.0	104.0	1.0	0.25
418.0	105.0	1.0	0.25
419.0	105.0	1.0	0.25
422.0	105.0	1.0	0.25
423.0	105.0	1.0	0.25
429.0	106.0	1.0	0.25
428.0	106.0	1.0	0.25
425.0	106.0	1.0	0.25
424.0	106.0	1.0	0.25
426.0	107.0	1.0	0.25
427.0	107.0	1.0	0.25
430.0	107.0	1.0	0.25
431.0	107.0	1.0	0.25
432.0	108.0	1.0	0.25
433.0	108.0	1.0	0.25
436.0	108.0	1.0	0.25
437.0	108.0	1.0	0.25
435.0	109.0	1.0	0.25
438.0	109.0	1.0	0.25
434.0	109.0	1.0	0.25
439.0	109.0	1.0	0.25
445.0	110.0	1.0	0.25
444.0	110.0	1.0	0.25
441.0	110.0	1.0	0.25
440.0	110.0	1.0	0.25
442.0	111.0	1.0	0.25
443.0	111.0	1.0	0.25
446.0	111.0	1.0	0.25
447.0	111.0	1.0	0.25
448.0	112.0	1.0	0.25
449.0	112.0	1.0	0.25
452.0	112.0	1.0	0.25
453.0	112.0	1.0	0.25
454.0	113.0	1.0	0.25
455.0	113.0	1.0	0.25
450.0	113.0	1.0	0.25
451.0	113.0	1.0	0.25
456.0	114.0	1.0	0.25
457.0	114.0	1.0	0.25
460.0	114.0	1.0	0.25
461.0	114.0	1.0	0.25
458.0	115.0	1.0	0.25
459.0	115.0	1.0	0.25
462.0	115.0	1.0	0.25
463.0	115.0	1.0	0.25
469.0	116.0	1.0	0.25
464.0	116.0	1.0	0.25
465.0	116.0	1.0	0.25
468.0	116.0	1.0	0.25
470.0	117.0	1.0	0.25
471.0	117.0	1.0	0.25
466.0	117.0	1.0	0.25
467.0	117.0	1.0	0.25
472.0	118.0	1.0	0.25
473.0	118.0	1.0	0.25
476.0	118.0	1.0	0.25
477.0	118.0	1.0	0.25
474.0	119.0	1.0	0.25
475.0	119.0	1.0	0.25
478.0	119.0	1.0	0.25
479.0	119.0	1.0	0.25
480.0	120.0	1.0	0.25
481.0	120.0	1.0	0.25
484.0	120.0	1.0	0.25
485.0	120.0	1.0	0.25
487.0	121.0	1.0	0.25
486.0	121.0	1.0	0.25
483.0	121.0	1.0	0.25
482.0	121.0	1.0	0.25
488.0	122.0	1.0	0.25
489.0	122.0	1.0	0.25
492.0	122.0	1.0	0.25
493.0	122.0	1.0	0.25
490.0	123.0	1.0	0.25
491.0	123.0	1.0	0.25
494.0	123.0	1.0	0.25
495.0	123.0	1.0	0.25
501.0	124.0	1.0	0.25
496.0	124.0	1.0	0.25
497.0	124.0	1.0	0.25
500.0	124.0	1.0	0.25
502.0	125.0	1.0	0.25
503.0	125.0	1.0	0.25
498.0	125.0	1.0	0.25
499.0	125.0	1.0	0.25
508.0	126.0	1.0	0.25
509.0	126.0	1.0	0.25
504.0	126.0	1.0	0.25
505.0	126.0	1.0	0.25
511.0	127.0	1.0	0.25
510.0	127.0	1.0	0.25
507.0	127.0	1.0	0.25
506.0	127.0	1.0	0.25
512.0	128.0	1.0	0.25
513.0	128.0	1.0	0.25
516.0	128.0	1.0	0.25
517.0	128.0	1.0	0.25
514.0	129.0	1.0	0.25
515.0	129.0	1.0	0.25
518.0	129.0	1.0	0.25
519.0	129.0	1.0	0.25
520.0	130.0	1.0	0.25
521.0	130.0	1.0	0.25
524.0	130.0	1.0	0.25
525.0	130.0	1.0	0.25
527.0	131.0	1.0	0.25
526.0	131.0	1.0	0.25
523.0	131.0	1.0	0.25
522.0	131.0	1.0	0.25
528.0	132.0	1.0	0.25
529.0	132.0	1.0	0.25
532.0	132.0	1.0	0.25
533.0	132.0	1.0	0.25
530.0	133.0	1.0	0.25
531.0	133.0	1.0	0.25
534.0	133.0	1.0	0.25
535.0	133.0	1.0	0.25
536.0	134.0	1.0	0.25
537.0	134.0	1.0	0.25
540.0	134.0	1.0	0.25
541.0	134.0	1.0	0.25
543.0	135.0	1.0	0.25
542.0	135.0	1.0	0.25
539.0	135.0	1.0	0.25
538.0	135.0	1.0	0.25
544.0	136.0	1.0	0.25
545.0	136.0	1.0	0.25
548.0	136.0	1.0	0.25
549.0	136.0	1.0	0.25
546.0	137.0	1.0	0.25
547.0	137.0	1.0	0.25
550.0	137.0	1.0	0.25
551.0	137.0	1.0	0.25
552.0	138.0	1.0	0.25
553.0	138.0	1.0	0.25
556.0	138.0	1.0	0.25
557.0	138.0	1.0	0.25
559.0	139.0	1.0	0.25
558.0	139.0	1.0	0.25
554.0	139.0	1.0	0.25
555.0	139.0	1.0	0.25
560.0	140.0	1.0	0.25
561.0	140.0	1.0	0.25
564.0	140.0	1.0	0.25
565.0	140.0	1.0	0.25
562.0	141.0	1.0	0.25
563.0	141.0	1.0	0.25
566.0	141.0	1.0	0.25
567.0	141.0	1.0	0.25
568.0	142.0	1.0	0.25
569.0	142.0	1.0	0.25
572.0	142.0	1.0	0.25
573.0	142.0	1.0	0.25
575.0	143.0	1.0	0.25
574.0	143.0	1.0	0.25
571.0	143.0	1.0	0.25
570.0	143.0	1.0	0.25
576.0	144.0	1.0	0.25
577.0	144.0	1.0	0.25
580.0	144.0	1.0	0.25
581.0	144.0	1.0	0.25
578.0	145.0	1.0	0.25
579.0	145.0	1.0	0.25
582.0	145.0	1.0	0.25
583.0	145.0	1.0	0.25
584.0	146.0	1.0	0.25
585.0	146.0	1.0	0.25
588.0	146.0	1.0	0.25
589.0	146.0	1.0	0.25
591.0	147.0	1.0	0.25
590.0	147.0	1.0	0.25
587.0	147.0	1.0	0.25
586.0	147.0	1.0	0.25
592.0	148.0	1.0	0.25
593.0	148.0	1.0	0.25
596.0	148.0	1.0	0.25
597.0	148.0	1.0	0.25
594.0	149.0	1.0	0.25
595.0	149.0	1.0	0.25
598.0	149.0	1.0	0.25
599.0	149.0	1.0	0.25
600.0	150.0	1.0	0.25
601.0	150.0	1.0	0.25
604.0	150.0	1.0	0.25
605.0	150.0	1.0	0.25
607.0	151.0	1.0	0.25
606.0	151.0	1.0	0.25
602.0	151.0	1.0	0.25
603.0	151.0	1.0	0.25
608.0	152.0	1.0	0.25
609.0	152.0	1.0	0.25
612.0	152.0	1.0	0.25
613.0	152.0	1.0	0.25
610.0	153.0	1.0	0.25
611.0	153.0	1.0	0.25
614.0	153.0	1.0	0.25
615.0	153.0	1.0	0.25
616.0	154.0	1.0	0.25
617.0	154.0	1.0	0.25
620.0	154.0	1.0	0.25
621.0	154.0	1.0	0.25
619.0	155.0	1.0	0.25
623.0	155.0	1.0	0.25
618.0	155.0	1.0	0.25
622.0	155.0	1.0	0.25
624.0	156.0	1.0	0.25
625.0	156.0	1.0	0.25
628.0	156.0	1.0	0.25
629.0	156.0	1.0	0.25
626.0	157.0	1.0	0.25
627.0	157.0	1.0	0.25
630.0	157.0	1.0	0.25
631.0	157.0	1.0	0.25
636.0	158.0	1.0	0.25
632.0	158.0	1.0	0.25
633.0	158.0	1.0	0.25
637.0	158.0	1.0	0.25
639.0	159.0	1.0	0.25
638.0	159.0	1.0	0.25
635.0	159.0	1.0	0.25
634.0	159.0	1.0	0.25
640.0	160.0	1.0	0.25
641.0	160.0	1.0	0.25
644.0	160.0	1.0	0.25
645.0	160.0	1.0	0.25
642.0	161.0	1.0	0.25
643.0	161.0	1.0	0.25
646.0	161.0	1.0	0.25
647.0	161.0	1.0	0.25
648.0	162.0	1.0	0.25
649.0	162.0	1.0	0.25
652.0	162.0	1.0	0.25
653.0	162.0	1.0	0.25
655.0	163.0	1.0	0.25
654.0	163.0	1.0	0.25
650.0	163.0	1.0	0.25
651.0	163.0	1.0	0.25
656.0	164.0	1.0	0.25
657.0	164.0	1.0	0.25
660.0	164.0	1.0	0.25
661.0	164.0	1.0	0.25
658.0	165.0	1.0	0.25
659.0	165.0	1.0	0.25
662.0	165.0	1.0	0.25
663.0	165.0	1.0	0.25
664.0	166.0	1.0	0.25
665.0	166.0	1.0	0.25
668.0	166.0	1.0	0.25
669.0	166.0	1.0	0.25
671.0	167.0	1.0	0.25
670.0	167.0	1.0	0.25
667.0	167.0	1.0	0.25
666.0	167.0	1.0	0.25
672.0	168.0	1.0	0.25
673.0	168.0	1.0	0.25
676.0	168.0	1.0	0.25
677.0	168.0	1.0	0.25
674.0	169.0	1.0	0.25
675.0	169.0	1.0	0.25
678.0	169.0	1.0	0.25
679.0	169.0	1.0	0.25
680.0	170.0	1.0	0.25
681.0	170.0	1.0	0.25
684.0	170.0	1.0	0.25
685.0	170.0	1.0	0.25
687.0	171.0	1.0	0.25
686.0	171.0	1.0	0.25
683.0	171.0	1.0	0.25
682.0	171.0	1.0	0.25
688.0	172.0	1.0	0.25
689.0	172.0	1.0	0.25
692.0	172.0	1.0	0.25
693.0	172.0	1.0	0.25
690.0	173.0	1.0	0.25
691.0	173.0	1.0	0.25
694.0	173.0	1.0	0.25
695.0	173.0	1.0	0.25
696.0	174.0	1.0	0.25
697.0	174.0	1.0	0.25
700.0	174.0	1.0	0.25
701.0	174.0	1.0	0.25
703.0	175.0	1.0	0.25
702.0	175.0	1.0	0.25
699.0	175.0	1.0	0.25
698.0	175.0	1.0	0.25
704.0	176.0	1.0	0.25
705.0	176.0	1.0	0.25
708.0	176.0	1.0	0.25
709.0	176.0	1.0	0.25
706.0	177.0	1.0	0.25
707.0	177.0	1.0	0.25
710.0	177.0	1.0	0.25
711.0	177.0	1.0	0.25
712.0	178.0	1.0	0.25
713.0	178.0	1.0	0.25
716.0	178.0	1.0	0.25
717.0	178.0	1.0	0.25
719.0	179.0	1.0	0.25
718.0	179.0	1.0	0.25
715.0	179.0	1.0	0.25
714.0	179.0	1.0	0.25
720.0	180.0	1.0	0.25
721.0	180.0	1.0	0.25
724.0	180.0	1.0	0.25
725.0	180.0	1.0	0.25
722.0	181.0	1.0	0.25
723.0	181.0	1.0	0.25
726.0	181.0	1.0	0.25
727.0	181.0	1.0	0.25
728.0	182.0	1.0	0.25
729.0	182.0	1.0	0.25
732.0	182.0	1.0	0.25
733.0	182.0	1.0	0.25
735.0	183.0	1.0	0.25
734.0	183.0	1.0	0.25
731.0	183.0	1.0	0.25
730.0	183.0	1.0	0.25
736.0	184.0	1.0	0.25
737.0	184.0	1.0	0.25
740.0	184.0	1.0	0.25
741.0	184.0	1.0	0.25
738.0	185.0	1.0	0.25
739.0	185.0	1.0	0.25
742.0	185.0	1.0	0.25
743.0	185.0	1.0	0.25
749.0	186.0	1.0	0.25
748.0	186.0	1.0	0.25
745.0	186.0	1.0	0.25
744.0	186.0	1.0	0.25
746.0	187.0	1.0	0.25
747.0	187.0	1.0	0.25
750.0	187.0	1.0	0.25
751.0	187.0	1.0	0.25
752.0	188.0	1.0	0.25
753.0	188.0	1.0	0.25
756.0	188.0	1.0	0.25
757.0	188.0	1.0	0.25
758.0	189.0	1.0	0.25
759.0	189.0	1.0	0.25
754.0	189.0	1.0	0.25
755.0	189.0	1.0	0.25
764.0	190.0	1.0	0.25
765.0	190.0	1.0	0.25
760.0	190.0	1.0	0.25
761.0	190.0	1.0	0.25
767.0	191.0	1.0	0.25
766.0	191.0	1.0	0.25
763.0	191.0	1.0	0.25
762.0	191.0	1.0	0.25
768.0	192.0	1.0	0.25
769.0	192.0	1.0	0.25
772.0	192.0	1.0	0.25
773.0	192.0	1.0	0.25
770.0	193.0	1.0	0.25
771.0	193.0	1.0	0.25
774.0	193.0	1.0	0.25
775.0	193.0	1.0	0.25
776.0	194.0	1.0	0.25
777.0	194.0	1.0	0.25
780.0	194.0	1.0	0.25
781.0	194.0	1.0	0.25
783.0	195.0	1.0	0.25
782.0	195.0	1.0	0.25
779.0	195.0	1.0	0.25
778.0	195.0	1.0	0.25
784.0	196.0	1.0	0.25
785.0	196.0	1.0	0.25
788.0	196.0	1.0	0.25
789.0	196.0	1.0	0.25
786.0	197.0	1.0	0.25
787.0	197.0	1.0	0.25
790.0	197.0	1.0	0.25
791.0	197.0	1.0	0.25
792.0	198.0	1.0	0.25
793.0	198.0	1.0	0.25
796.0	198.0	1.0	0.25
797.0	198.0	1.0	0.25
799.0	199.0	1.0	0.25
798.0	199.0	1.0	0.25
794.0	199.0	1.0	0.25
795.0	199.0	1.0	0.25
800.0	200.0	1.0	0.25
801.0	200.0	1.0	0.25
804.0	200.0	1.0	0.25
805.0	200.0	1.0	0.25
802.0	201.0	1.0	0.25
803.0	201.0	1.0	0.25
806.0	201.0	1.0	0.25
807.0	201.0	1.0	0.25
812.0	202.0	1.0	0.25
813.0	202.0	1.0	0.25
808.0	202.0	1.0	0.25
809.0	202.0	1.0	0.25
810.0	203.0	1.0	0.25
811.0	203.0	1.0	0.25
814.0	203.0	1.0	0.25
815.0	203.0	1.0	0.25
816.0	204.0	1.0	0.25
817.0	204.0	1.0	0.25
820.0	204.0	1.0	0.25
821.0	204.0	1.0	0.25
823.0	205.0	1.0	0.25
818.0	205.0	1.0	0.25
819.0	205.0	1.0	0.25
822.0	205.0	1.0	0.25
828.0	206.0	1.0	0.25
829.0	206.0	1.0	0.25
824.0	206.0	1.0	0.25
825.0	206.0	1.0	0.25
831.0	207.0	1.0	0.25
830.0	207.0	1.0	0.25
826.0	207.0	1.0	0.25
827.0	207.0	1.0	0.25
832.0	208.0	1.0	0.25
833.0	208.0	1.0	0.25
836.0	208.0	1.0	0.25
837.0	208.0	1.0	0.25
834.0	209.0	1.0	0.25
835.0	209.0	1.0	0.25
838.0	209.0	1.0	0.25
839.0	209.0	1.0	0.25
845.0	210.0	1.0	0.25
840.0	210.0	1.0	0.25
841.0	210.0	1.0	0.25
844.0	210.0	1.0	0.25
847.0	211.0	1.0	0.25
846.0	211.0	1.0	0.25
842.0	211.0	1.0	0.25
843.0	211.0	1.0	0.25
848.0	212.0	1.0	0.25
849.0	212.0	1.0	0.25
852.0	212.0	1.0	0.25
853.0	212.0	1.0	0.25
854.0	213.0	1.0	0.25
850.0	213.0	1.0	0.25
851.0	213.0	1.0	0.25
855.0	213.0	1.0	0.25
861.0	214.0	1.0	0.25
860.0	214.0	1.0	0.25
857.0	214.0	1.0	0.25
856.0	214.0	1.0	0.25
858.0	215.0	1.0	0.25
859.0	215.0	1.0	0.25
862.0	215.0	1.0	0.25
863.0	215.0	1.0	0.25
864.0	216.0	1.0	0.25
865.0	216.0	1.0	0.25
868.0	216.0	1.0	0.25
869.0	216.0	1.0	0.25
870.0	217.0	1.0	0.25
871.0	217.0	1.0	0.25
866.0	217.0	1.0	0.25
867.0	217.0	1.0	0.25
872.0	218.0	1.0	0.25
873.0	218.0	1.0	0.25
876.0	218.0	1.0	0.25
877.0	218.0	1.0	0.25
874.0	219.0	1.0	0.25
875.0	219.0	1.0	0.25
878.0	219.0	1.0	0.25
879.0	219.0	1.0	0.25
885.0	220.0	1.0	0.25
880.0	220.0	1.0	0.25
881.0	220.0	1.0	0.25
884.0	220.0	1.0	0.25
883.0	221.0	1.0	0.25
886.0	221.0	1.0	0.25
882.0	221.0	1.0	0.25
887.0	221.0	1.0	0.25
893.0	222.0	1.0	0.25
892.0	222.0	1.0	0.25
889.0	222.0	1.0	0.25
888.0	222.0	1.0	0.25
890.0	223.0	1.0	0.25
891.0	223.0	1.0	0.25
894.0	223.0	1.0	0.25
895.0	223.0	1.0	0.25
896.0	224.0	1.0	0.25
897.0	224.0	1.0	0.25
900.0	224.0	1.0	0.25
901.0	224.0	1.0	0.25
902.0	225.0	1.0	0.25
903.0	225.0	1.0	0.25
898.0	225.0	1.0	0.25
899.0	225.0	1.0	0.25
904.0	226.0	1.0	0.25
905.0	226.0	1.0	0.25
908.0	226.0	1.0	0.25
909.0	226.0	1.0	0.25
906.0	227.0	1.0	0.25
907.0	227.0	1.0	0.25
910.0	227.0	1.0	0.25
911.0	227.0	1.0	0.25
917.0	228.0	1.0	0.25
912.0	228.0	1.0	0.25
913.0	228.0	1.0	0.25
916.0	228.0	1.0	0.25
918.0	229.0	1.0	0.25
919.0	229.0	1.0	0.25
914.0	229.0	1.0	0.25
915.0	229.0	1.0	0.25
920.0	230.0	1.0	0.25
921.0	230.0	1.0	0.25
924.0	230.0	1.0	0.25
925.0	230.0	1.0	0.25
922.0	231.0	1.0	0.25
923.0	231.0	1.0	0.25
926.0	231.0	1.0	0.25
927.0	231.0	1.0	0.25
928.0	232.0	1.0	0.25
929.0	232.0	1.0	0.25
932.0	232.0	1.0	0.25
933.0	232.0	1.0	0.25
935.0	233.0	1.0	0.25
934.0	233.0	1.0	0.25
931.0	233.0	1.0	0.25
930.0	233.0	1.0	0.25
936.0	234.0	1.0	0.25
937.0	234.0	1.0	0.25
940.0	234.0	1.0	0.25
941.0	234.0	1.0	0.25
938.0	235.0	1.0	0.25
939.0	235.0	1.0	0.25
942.0	235.0	1.0	0.25
943.0	235.0	1.0	0.25
949.0	236.0	1.0	0.25
944.0	236.0	1.0	0.25
945.0	236.0	1.0	0.25
948.0	236.0	1.0	0.25
950.0	237.0	1.0	0.25
951.0	237.0	1.0	0.25
946.0	237.0	1.0	0.25
947.0	237.0	1.0	0.25
952.0	238.0	1.0	0.25
953.0	238.0	1.0	0.25
956.0	238.0	1.0	0.25
957.0	238.0	1.0	0.25
954.0	239.0	1.0	0.25
955.0	239.0	1.0	0.25
958.0	239.0	1.0	0.25
959.0	239.0	1.0	0.25
960.0	240.0	1.0	0.25
961.0	240.0	1.0	0.25
964.0	240.0	1.0	0.25
965.0	240.0	1.0	0.25
967.0	241.0	1.0	0.25
966.0	241.0	1.0	0.25
962.0	241.0	1.0	0.25
963.0	241.0	1.0	0.25
968.0	242.0	1.0	0.25
969.0	242.0	1.0	0.25
972.0	242.0	1.0	0.25
973.0	242.0	1.0	0.25
970.0	243.0	1.0	0.25
971.0	243.0	1.0	0.25
974.0	243.0	1.0	0.25
975.0	243.0	1.0	0.25
976.0	244.0	1.0	0.25
977.0	244.0	1.0	0.25
980.0	244.0	1.0	0.25
981.0	244.0	1.0	0.25
983.0	245.0	1.0	0.25
982.0	245.0	1.0	0.25
979.0	245.0	1.0	0.25
978.0	245.0	1.0	0.25
984.0	246.0	1.0	0.25
985.0	246.0	1.0	0.25
988.0	246.0	1.0	0.25
989.0	246.0	1.0	0.25
986.0	247.0	1.0	0.25
987.0	247.0	1.0	0.25
990.0	247.0	1.0	0.25
991.0	247.0	1.0	0.25
997.0	248.0	1.0	0.25
992.0	248.0	1.0	0.25
993.0	248.0	1.0	0.25
996.0	248.0	1.0	0.25
999.0	249.0	1.0	0.25
998.0	249.0	1.0	0.25
995.0	249.0	1.0	0.25
994.0	249.0	1.0	0.25
1000.0	250.0	1.0	0.25
1001.0	250.0	1.0	0.25
1004.0	250.0	1.0	0.25
1005.0	250.0	1.0	0.25
1007.0	251.0	1.0	0.25
1002.0	251.0	1.0	0.25
1003.0	251.0	1.0	0.25
1006.0	251.0	1.0	0.25
1012.0	252.0	1.0	0.25
1013.0	252.0	1.0	0.25
1008.0	252.0	1.0	0.25
1009.0	252.0	1.0	0.25
1014.0	253.0	1.0	0.25
1015.0	253.0	1.0	0.25
1010.0	253.0	1.0	0.25
1011.0	253.0	1.0	0.25
1020.0	254.0	1.0	0.25
1021.0	254.0	1.0	0.25
1016.0	254.0	1.0	0.25
1017.0	254.0	1.0	0.25
1023.0	255.0	1.0	0.25
1022.0	255.0	1.0	0.25
1019.0	255.0	1.0	0.25
1018.0	255.0	1.0	0.25
1024.0	256.0	1.0	0.25
1025.0	256.0	1.0	0.25
1028.0	256.0	1.0	0.25
1029.0	256.0	1.0	0.25
1026.0	257.0	1.0	0.25
1027.0	257.0	1.0	0.25
1030.0	257.0	1.0	0.25
1031.0	257.0	1.0	0.25
1032.0	258.0	1.0	0.25
1033.0	258.0	1.0	0.25
1036.0	258.0	1.0	0.25
1037.0	258.0	1.0	0.25
1039.0	259.0	1.0	0.25
1038.0	259.0	1.0	0.25
1035.0	259.0	1.0	0.25
1034.0	259.0	1.0	0.25
1040.0	260.0	1.0	0.25
1041.0	260.0	1.0	0.25
1044.0	260.0	1.0	0.25
1045.0	260.0	1.0	0.25
1042.0	261.0	1.0	0.25
1043.0	261.0	1.0	0.25
1046.0	261.0	1.0	0.25
1047.0	261.0	1.0	0.25
1048.0	262.0	1.0	0.25
1049.0	262.0	1.0	0.25
1052.0	262.0	1.0	0.25
1053.0	262.0	1.0	0.25
1055.0	263.0	1.0	0.25
1054.0	263.0	1.0	0.25
1051.0	263.0	1.0	0.25
1050.0	263.0	1.0	0.25
1056.0	264.0	1.0	0.25
1057.0	264.0	1.0	0.25
1060.0	264.0	1.0	0.25
1061.0	264.0	1.0	0.25
1058.0	265.0	1.0	0.25
1059.0	265.0	1.0	0.25
1062.0	265.0	1.0	0.25
1063.0	265.0	1.0	0.25
1064.0	266.0	1.0	0.25
1065.0	266.0	1.0	0.25
1068.0	266.0	1.0	0.25
1069.0	266.0	1.0	0.25
1071.0	267.0	1.0	0.25
1070.0	267.0	1.0	0.25
1066.0	267.0	1.0	0.25
1067.0	267.0	1.0	0.25
1072.0	268.0	1.0	0.25
1073.0	268.0	1.0	0.25
1076.0	268.0	1.0	0.25
1077.0	268.0	1.0	0.25
1074.0	269.0	1.0	0.25
1075.0	269.0	1.0	0.25
1078.0	269.0	1.0	0.25
1079.0	269.0	1.0	0.25
1080.0	270.0	1.0	0.25
1081.0	270.0	1.0	0.25
1084.0	270.0	1.0	0.25
1085.0	270.0	1.0	0.25
1087.0	271.0	1.0	0.25
1086.0	271.0	1.0	0.25
1083.0	271.0	1.0	0.25
1082.0	271.0	1.0	0.25
1088.0	272.0	1.0	0.25
1089.0	272.0	1.0	0.25
1092.0	272.0	1.0	0.25
1093.0	272.0	1.0	0.25
1090.0	273.0	1.0	0.25
1091.0	273.0	1.0	0.25
1094.0	273.0	1.0	0.25
1095.0	273.0	1.0	0.25
1096.0	274.0	1.0	0.25
1097.0	274.0	1.0	0.25
1100.0	274.0	1.0	0.25
1101.0	274.0	1.0	0.25
1103.0	275.0	1.0	0.25
1102.0	275.0	1.0	0.25
1099.0	275.0	1.0	0.25
1098.0	275.0	1.0	0.25
1104.0	276.0	1.0	0.25
1105.0	276.0	1.0	0.25
1108.0	276.0	1.0	0.25
1109.0	276.0	1.0	0.25
1106.0	277.0	1.0	0.25
1107.0	277.0	1.0	0.25
1110.0	277.0	1.0	0.25
1111.0	277.0	1.0	0.25
1112.0	278.0	1.0	0.25
1113.0	278.0	1.0	0.25
1116.0	278.0	1.0	0.25
1117.0	278.0	1.0	0.25
1119.0	279.0	1.0	0.25
1118.0	279.0	1.0	0.25
1114.0	279.0	1.0	0.25
1115.0	279.0	1.0	0.25
1120.0	280.0	1.0	0.25
1121.0	280.0	1.0	0.25
1124.0	280.0	1.0	0.25
1125.0	280.0	1.0	0.25
1122.0	281.0	1.0	0.25
1123.0	281.0	1.0	0.25
1126.0	281.0	1.0	0.25
1127.0	281.0	1.0	0.25
1128.0	282.0	1.0	0.25
1129.0	282.0	1.0	0.25
1132.0	282.0	1.0	0.25
1133.0	282.0	1.0	0.25
1131.0	283.0	1.0	0.25
1135.0	283.0	1.0	0.25
1130.0	283.0	1.0	0.25
1134.0	283.0	1.0	0.25
1136.0	284.0	1.0	0.25
1137.0	284.0	1.0	0.25
1140.0	284.0	1.0	0.25
1141.0	284.0	1.0	0.25
1138.0	285.0	1.0	0.25
1139.0	285.0	1.0	0.25
1142.0	285.0	1.0	0.25
1143.0	285.0	1.0	0.25
1148.0	286.0	1.0	0.25
1144.0	286.0	1.0	0.25
1145.0	286.0	1.0	0.25
1149.0	286.0	1.0	0.25
1151.0	287.0	1.0	0.25
1150.0	287.0	1.0	0.25
1147.0	287.0	1.0	0.25
1146.0	287.0	1.0	0.25
1152.0	288.0	1.0	0.25
1153.0	288.0	1.0	0.25
1156.0	288.0	1.0	0.25
1157.0	288.0	1.0	0.25
1154.0	289.0	1.0	0.25
1155.0	289.0	1.0	0.25
1158.0	289.0	1.0	0.25
1159.0	289.0	1.0	0.25
1160.0	290.0	1.0	0.25
1161.0	290.0	1.0	0.25
1164.0	290.0	1.0	0.25
1165.0	290.0	1.0	0.25
1167.0	291.0	1.0	0.25
1166.0	291.0	1.0	0.25
1162.0	291.0	1.0	0.25
1163.0	291.0	1.0	0.25
1168.0	292.0	1.0	0.25
1169.0	292.0	1.0	0.25
1172.0	292.0	1.0	0.25
1173.0	292.0	1.0	0.25
1170.0	293.0	1.0	0.25
1171.0	293.0	1.0	0.25
1174.0	293.0	1.0	0.25
1175.0	293.0	1.0	0.25
1176.0	294.0	1.0	0.25
1177.0	294.0	1.0	0.25
1180.0	294.0	1.0	0.25
1181.0	294.0	1.0	0.25
1183.0	295.0	1.0	0.25
1182.0	295.0	1.0	0.25
1179.0	295.0	1.0	0.25
1178.0	295.0	1.0	0.25
1184.0	296.0	1.0	0.25
1185.0	296.0	1.0	0.25
1188.0	296.0	1.0	0.25
1189.0	296.0	1.0	0.25
1186.0	297.0	1.0	0.25
1187.0	297.0	1.0	0.25
1190.0	297.0	1.0	0.25
1191.0	297.0	1.0	0.25
1192.0	298.0	1.0	0.25
1193.0	298.0	1.0	0.25
1196.0	298.0	1.0	0.25
1197.0	298.0	1.0	0.25
1199.0	299.0	1.0	0.25
1198.0	299.0	1.0	0.25
1195.0	299.0	1.0	0.25
1194.0	299.0	1.0	0.25
1200.0	300.0	1.0	0.25
1201.0	300.0	1.0	0.25
1204.0	300.0	1.0	0.25
1205.0	300.0	1.0	0.25
1202.0	301.0	1.0	0.25
1203.0	301.0	1.0	0.25
1206.0	301.0	1.0	0.25
1207.0	301.0	1.0	0.25
1208.0	302.0	1.0	0.25
1209.0	302.0	1.0	0.25
1212.0	302.0	1.0	0.25
1213.0	302.0	1.0	0.25
1215.0	303.0	1.0	0.25
1214.0	303.0	1.0	0.25
1211.0	303.0	1.0	0.25
1210.0	303.0	1.0	0.25
1216.0	304.0	1.0	0.25
1217.0	304.0	1.0	0.25
1220.0	304.0	1.0	0.25
1221.0	304.0	1.0	0.25
1218.0	305.0	1.0	0.25
1219.0	305.0	1.0	0.25
1222.0	305.0	1.0	0.25
1223.0	305.0	1.0	0.25
1224.0	306.0	1.0	0.25
1225.0	306.0	1.0	0.25
1228.0	306.0	1.0	0.25
1229.0	306.0	1.0	0.25
1231.0	307.0	1.0	0.25
1230.0	307.0	1.0	0.25
1227.0	307.0	1.0	0.25
1226.0	307.0	1.0	0.25
1232.0	308.0	1.0	0.25
1233.0	308.0	1.0	0.25
1236.0	308.0	1.0	0.25
1237.0	308.0	1.0	0.25
1234.0	309.0	1.0	0.25
1235.0	309.0	1.0	0.25
1238.0	309.0	1.0	0.25
1239.0	309.0	1.0	0.25
1240.0	310.0	1.0	0.25
1241.0	310.0	1.0	0.25
1244.0	310.0	1.0	0.25
1245.0	310.0	1.0	0.25
1247.0	311.0	1.0	0.25
1243.0	311.0	1.0	0.25
1242.0	311.0	1.0	0.25
1246.0	311.0	1.0	0.25
1248.0	312.0	1.0	0.25
1249.0	312.0	1.0	0.25
1252.0	312.0	1.0	0.25
1253.0	312.0	1.0	0.25
1250.0	313.0	1.0	0.25
1251.0	313.0	1.0	0.25
1254.0	313.0	1.0	0.25
1255.0	313.0	1.0	0.25
1261.0	314.0	1.0	0.25
1256.0	314.0	1.0	0.25
1257.0	314.0	1.0	0.25
1260.0	314.0	1.0	0.25
1263.0	315.0	1.0	0.25
1262.0	315.0	1.0	0.25
1259.0	315.0	1.0	0.25
1258.0	315.0	1.0	0.25
1264.0	316.0	1.0	0.25
1265.0	316.0	1.0	0.25
1268.0	316.0	1.0	0.25
1269.0	316.0	1.0	0.25
1271.0	317.0	1.0	0.25
1266.0	317.0	1.0	0.25
1267.0	317.0	1.0	0.25
1270.0	317.0	1.0	0.25
1273.0	318.0	1.0	0.25
1276.0	318.0	1.0	0.25
1272.0	318.0	1.0	0.25
1277.0	318.0	1.0	0.25
1279.0	319.0	1.0	0.25
1278.0	319.0	1.0	0.25
1275.0	319.0	1.0	0.25
1274.0	319.0	1.0	0.25
1280.0	320.0	1.0	0.25
1281.0	320.0	1.0	0.25
1284.0	320.0	1.0	0.25
1285.0	320.0	1.0	0.25
1282.0	321.0	1.0	0.25
1283.0	321.0	1.0	0.25
1286.0	321.0	1.0	0.25
1287.0	321.0	1.0	0.25
1288.0	322.0	1.0	0.25
1289.0	322.0	1.0	0.25
1292.0	322.0	1.0	0.25
1293.0	322.0	1.0	0.25
1295.0	323.0	1.0	0.25
1294.0	323.0	1.0	0.25
1291.0	323.0	1.0	0.25
1290.0	323.0	1.0	0.25
1296.0	324.0	1.0	0.25
1297.0	324.0	1.0	0.25
1300.0	324.0	1.0	0.25
1301.0	324.0	1.0	0.25
1298.0	325.0	1.0	0.25
1299.0	325.0	1.0	0.25
1302.0	325.0	1.0	0.25
1303.0	325.0	1.0	0.25
1304.0	326.0	1.0	0.25
1305.0	326.0	1.0	0.25
1308.0	326.0	1.0	0.25
1309.0	326.0	1.0	0.25
1311.0	327.0	1.0	0.25
1310.0	327.0	1.0	0.25
1306.0	327.0	1.0	0.25
1307.0	327.0	1.0	0.25
1312.0	328.0	1.0	0.25
1313.0	328.0	1.0	0.25
1316.0	328.0	1.0	0.25
1317.0	328.0	1.0	0.25
1314.0	329.0	1.0	0.25
1315.0	329.0	1.0	0.25
1318.0	329.0	1.0	0.25
1319.0	329.0	1.0	0.25
1320.0	330.0	1.0	0.25
1321.0	330.0	1.0	0.25
1324.0	330.0	1.0	0.25
1325.0	330.0	1.0	0.25
1323.0	331.0	1.0	0.25
1327.0	331.0	1.0	0.25
1322.0	331.0	1.0	0.25
1326.0	331.0	1.0	0.25
1328.0	332.0	1.0	0.25
1329.0	332.0	1.0	0.25
1332.0	332.0	1.0	0.25
1333.0	332.0	1.0	0.25
1330.0	333.0	1.0	0.25
1331.0	333.0	1.0	0.25
1334.0	333.0	1.0	0.25
1335.0	333.0	1.0	0.25
1340.0	334.0	1.0	0.25
1336.0	334.0	1.0	0.25
1337.0	334.0	1.0	0.25
1341.0	334.0	1.0	0.25
1343.0	335.0	1.0	0.25
1342.0	335.0	1.0	0.25
1339.0	335.0	1.0	0.25
1338.0	335.0	1.0	0.25
1344.0	336.0	1.0	0.25
1345.0	336.0	1.0	0.25
1348.0	336.0	1.0	0.25
1349.0	336.0	1.0	0.25
1346.0	337.0	1.0	0.25
1347.0	337.0	1.0	0.25
1350.0	337.0	1.0	0.25
1351.0	337.0	1.0	0.25
1352.0	338.0	1.0	0.25
1353.0	338.0	1.0	0.25
1356.0	338.0	1.0	0.25
1357.0	338.0	1.0	0.25
1359.0	339.0	1.0	0.25
1358.0	339.0	1.0	0.25
1354.0	339.0	1.0	0.25
1355.0	339.0	1.0	0.25
1360.0	340.0	1.0	0.25
1361.0	340.0	1.0	0.25
1364.0	340.0	1.0	0.25
1365.0	340.0	1.0	0.25
1362.0	341.0	1.0	0.25
1363.0	341.0	1.0	0.25
1366.0	341.0	1.0	0.25
1367.0	341.0	1.0	0.25
1368.0	342.0	1.0	0.25
1369.0	342.0	1.0	0.25
1372.0	342.0	1.0	0.25
1373.0	342.0	1.0	0.25
1375.0	343.0	1.0	0.25
1374.0	343.0	1.0	0.25
1371.0	343.0	1.0	0.25
1370.0	343.0	1.0	0.25
1376.0	344.0	1.0	0.25
1377.0	344.0	1.0	0.25
1380.0	344.0	1.0	0.25
1381.0	344.0	1.0	0.25
1378.0	345.0	1.0	0.25
1379.0	345.0	1.0	0.25
1382.0	345.0	1.0	0.25
1383.0	345.0	1.0	0.25
1384.0	346.0	1.0	0.25
1385.0	346.0	1.0	0.25
1388.0	346.0	1.0	0.25
1389.0	346.0	1.0	0.25
1391.0	347.0	1.0	0.25
1390.0	347.0	1.0	0.25
1387.0	347.0	1.0	0.25
1386.0	347.0	1.0	0.25
1392.0	348.0	1.0	0.25
1393.0	348.0	1.0	0.25
1396.0	348.0	1.0	0.25
1397.0	348.0	1.0	0.25
1394.0	349.0	1.0	0.25
1395.0	349.0	1.0	0.25
1398.0	349.0	1.0	0.25
1399.0	349.0	1.0	0.25
1400.0	350.0	1.0	0.25
1401.0	350.0	1.0	0.25
1404.0	350.0	1.0	0.25
1405.0	350.0	1.0	0.25
1407.0	351.0	1.0	0.25
1406.0	351.0	1.0	0.25
1403.0	351.0	1.0	0.25
1402.0	351.0	1.0	0.25
1408.0	352.0	1.0	0.25
1409.0	352.0	1.0	0.25
1412.0	352.0	1.0	0.25
1413.0	352.0	1.0	0.25
1410.0	353.0	1.0	0.25
1411.0	353.0	1.0	0.25
1414.0	353.0	1.0	0.25
1415.0	353.0	1.0	0.25
1416.0	354.0	1.0	0.25
1417.0	354.0	1.0	0.25
1420.0	354.0	1.0	0.25
1421.0	354.0	1.0	0.25
1423.0	355.0	1.0	0.25
1422.0	355.0	1.0	0.25
1419.0	355.0	1.0	0.25
1418.0	355.0	1.0	0.25
1424.0	356.0	1.0	0.25
1425.0	356.0	1.0	0.25
1428.0	356.0	1.0	0.25
1429.0	356.0	1.0	0.25
1426.0	357.0	1.0	0.25
1427.0	357.0	1.0	0.25
1430.0	357.0	1.0	0.25
1431.0	357.0	1.0	0.25
1432.0	358.0	1.0	0.25
1433.0	358.0	1.0	0.25
1436.0	358.0	1.0	0.25
1437.0	358.0	1.0	0.25
1439.0	359.0	1.0	0.25
1438.0	359.0	1.0	0.25
1435.0	359.0	1.0	0.25
1434.0	359.0	1.0	0.25
1440.0	360.0	1.0	0.25
1441.0	360.0	1.0	0.25
1444.0	360.0	1.0	0.25
1445.0	360.0	1.0	0.25
1442.0	361.0	1.0	0.25
1443.0	361.0	1.0	0.25
1446.0	361.0	1.0	0.25
1447.0	361.0	1.0	0.25
1448.0	362.0	1.0	0.25
1449.0	362.0	1.0	0.25
1452.0	362.0	1.0	0.25
1453.0	362.0	1.0	0.25
1455.0	363.0	1.0	0.25
1454.0	363.0	1.0	0.25
1450.0	363.0	1.0	0.25
1451.0	363.0	1.0	0.25
1456.0	364.0	1.0	0.25
1457.0	364.0	1.0	0.25
1460.0	364.0	1.0	0.25
1461.0	364.0	1.0	0.25
1458.0	365.0	1.0	0.25
1459.0	365.0	1.0	0.25
1462.0	365.0	1.0	0.25
1463.0	365.0	1.0	0.25
1464.0	366.0	1.0	0.25
1465.0	366.0	1.0	0.25
1468.0	366.0	1.0	0.25
1469.0	366.0	1.0	0.25
1470.0	367.0	1.0	0.25
1471.0	367.0	1.0	0.25
1467.0	367.0	1.0	0.25
1466.0	367.0	1.0	0.25
1472.0	368.0	1.0	0.25
1473.0	368.0	1.0	0.25
1476.0	368.0	1.0	0.25
1477.0	368.0	1.0	0.25
1474.0	369.0	1.0	0.25
1475.0	369.0	1.0	0.25
1478.0	369.0	1.0	0.25
1479.0	369.0	1.0	0.25
1485.0	370.0	1.0	0.25
1480.0	370.0	1.0	0.25
1481.0	370.0	1.0	0.25
1484.0	370.0	1.0	0.25
1487.0	371.0	1.0	0.25
1486.0	371.0	1.0	0.25
1482.0	371.0	1.0	0.25
1483.0	371.0	1.0	0.25
1488.0	372.0	1.0	0.25
1489.0	372.0	1.0	0.25
1492.0	372.0	1.0	0.25
1493.0	372.0	1.0	0.25
1494.0	373.0	1.0	0.25
1490.0	373.0	1.0	0.25
1491.0	373.0	1.0	0.25
1495.0	373.0	1.0	0.25
1501.0	374.0	1.0	0.25
1500.0	374.0	1.0	0.25
1497.0	374.0	1.0	0.25
1496.0	374.0	1.0	0.25
1498.0	375.0	1.0	0.25
1499.0	375.0	1.0	0.25
1502.0	375.0	1.0	0.25
1503.0	375.0	1.0	0.25
1504.0	376.0	1.0	0.25
1505.0	376.0	1.0	0.25
1508.0	376.0	1.0	0.25
1509.0	376.0	1.0	0.25
1510.0	377.0	1.0	0.25
1511.0	377.0	1.0	0.25
1506.0	377.0	1.0	0.25
1507.0	377.0	1.0	0.25
1512.0	378.0	1.0	0.25
1513.0	378.0	1.0	0.25
1516.0	378.0	1.0	0.25
1517.0	378.0	1.0	0.25
1514.0	379.0	1.0	0.25
1515.0	379.0	1.0	0.25
1518.0	379.0	1.0	0.25
1519.0	379.0	1.0	0.25
1525.0	380.0	1.0	0.25
1520.0	380.0	1.0	0.25
1521.0	380.0	1.0	0.25
1524.0	380.0	1.0	0.25
1526.0	381.0	1.0	0.25
1527.0	381.0	1.0	0.25
1522.0	381.0	1.0	0.25
1523.0	381.0	1.0	0.25
1532.0	382.0	1.0	0.25
1533.0	382.0	1.0	0.25
1528.0	382.0	1.0	0.25
1529.0	382.0	1.0	0.25
1535.0	383.0	1.0	0.25
1534.0	383.0	1.0	0.25
1531.0	383.0	1.0	0.25
1530.0	383.0	1.0	0.25
1536.0	384.0	1.0	0.25
1537.0	384.0	1.0	0.25
1540.0	384.0	1.0	0.25
1541.0	384.0	1.0	0.25
1538.0	385.0	1.0	0.25
1539.0	385.0	1.0	0.25
1542.0	385.0	1.0	0.25
1543.0	385.0	1.0	0.25
1544.0	386.0	1.0	0.25
1545.0	386.0	1.0	0.25
1548.0	386.0	1.0	0.25
1549.0	386.0	1.0	0.25
1551.0	387.0	1.0	0.25
1550.0	387.0	1.0	0.25
1546.0	387.0	1.0	0.25
1547.0	387.0	1.0	0.25
1552.0	388.0	1.0	0.25
1553.0	388.0	1.0	0.25
1556.0	388.0	1.0	0.25
1557.0	388.0	1.0	0.25
1554.0	389.0	1.0	0.25
1555.0	389.0	1.0	0.25
1558.0	389.0	1.0	0.25
1559.0	389.0	1.0	0.25
1560.0	390.0	1.0	0.25
1561.0	390.0	1.0	0.25
1564.0	390.0	1.0	0.25
1565.0	390.0	1.0	0.25
1567.0	391.0	1.0	0.25
1566.0	391.0	1.0	0.25
1563.0	391.0	1.0	0.25
1562.0	391.0	1.0	0.25
1568.0	392.0	1.0	0.25
1569.0	392.0	1.0	0.25
1572.0	392.0	1.0	0.25
1573.0	392.0	1.0	0.25
1570.0	393.0	1.0	0.25
1571.0	393.0	1.0	0.25
1574.0	393.0	1.0	0.25
1575.0	393.0	1.0	0.25
1576.0	394.0	1.0	0.25
1577.0	394.0	1.0	0.25
1580.0	394.0	1.0	0.25
1581.0	394.0	1.0	0.25
1583.0	395.0	1.0	0.25
1582.0	395.0	1.0	0.25
1579.0	395.0	1.0	0.25
1578.0	395.0	1.0	0.25
1584.0	396.0	1.0	0.25
1585.0	396.0	1.0	0.25
1588.0	396.0	1.0	0.25
1589.0	396.0	1.0	0.25
1586.0	397.0	1.0	0.25
1587.0	397.0	1.0	0.25
1590.0	397.0	1.0	0.25
1591.0	397.0	1.0	0.25
1592.0	398.0	1.0	0.25
1593.0	398.0	1.0	0.25
1596.0	398.0	1.0	0.25
1597.0	398.0	1.0	0.25
1599.0	399.0	1.0	0.25
1598.0	399.0	1.0	0.25
1594.0	399.0	1.0	0.25
1595.0	399.0	1.0	0.25
1600.0	400.0	1.0	0.25
1601.0	400.0	1.0	0.25
1604.0	400.0	1.0	0.25
1605.0	400.0	1.0	0.25
1602.0	401.0	1.0	0.25
1603.0	401.0	1.0	0.25
1606.0	401.0	1.0	0.25
1607.0	401.0	1.0	0.25
1612.0	402.0	1.0	0.25
1613.0	402.0	1.0	0.25
1608.0	402.0	1.0	0.25
1609.0	402.0	1.0	0.25
1610.0	403.0	1.0	0.25
1611.0	403.0	1.0	0.25
1614.0	403.0	1.0	0.25
1615.0	403.0	1.0	0.25
1616.0	404.0	1.0	0.25
1617.0	404.0	1.0	0.25
1620.0	404.0	1.0	0.25
1621.0	404.0	1.0	0.25
1623.0	405.0	1.0	0.25
1618.0	405.0	1.0	0.25
1619.0	405.0	1.0	0.25
1622.0	405.0	1.0	0.25
1628.0	406.0	1.0	0.25
1629.0	406.0	1.0	0.25
1624.0	406.0	1.0	0.25
1625.0	406.0	1.0	0.25
1626.0	407.0	1.0	0.25
1627.0	407.0	1.0	0.25
1630.0	407.0	1.0	0.25
1631.0	407.0	1.0	0.25
1632.0	408.0	1.0	0.25
1633.0	408.0	1.0	0.25
1636.0	408.0	1.0	0.25
1637.0	408.0	1.0	0.25
1634.0	409.0	1.0	0.25
1635.0	409.0	1.0	0.25
1638.0	409.0	1.0	0.25
1639.0	409.0	1.0	0.25
1645.0	410.0	1.0	0.25
1644.0	410.0	1.0	0.25
1641.0	410.0	1.0	0.25
1640.0	410.0	1.0	0.25
1642.0	411.0	1.0	0.25
1643.0	411.0	1.0	0.25
1646.0	411.0	1.0	0.25
1647.0	411.0	1.0	0.25
1648.0	412.0	1.0	0.25
1649.0	412.0	1.0	0.25
1652.0	412.0	1.0	0.25
1653.0	412.0	1.0	0.25
1655.0	413.0	1.0	0.25
1650.0	413.0	1.0	0.25
1651.0	413.0	1.0	0.25
1654.0	413.0	1.0	0.25
1660.0	414.0	1.0	0.25
1661.0	414.0	1.0	0.25
1656.0	414.0	1.0	0.25
1657.0	414.0	1.0	0.25
1663.0	415.0	1.0	0.25
1662.0	415.0	1.0	0.25
1658.0	415.0	1.0	0.25
1659.0	415.0	1.0	0.25
1664.0	416.0	1.0	0.25
1665.0	416.0	1.0	0.25
1668.0	416.0	1.0	0.25
1669.0	416.0	1.0	0.25
1666.0	417.0	1.0	0.25
1667.0	417.0	1.0	0.25
1670.0	417.0	1.0	0.25
1671.0	417.0	1.0	0.25
1677.0	418.0	1.0	0.25
1672.0	418.0	1.0	0.25
1673.0	418.0	1.0	0.25
1676.0	418.0	1.0	0.25
1679.0	419.0	1.0	0.25
1678.0	419.0	1.0	0.25
1674.0	419.0	1.0	0.25
1675.0	419.0	1.0	0.25
1680.0	420.0	1.0	0.25
1681.0	420.0	1.0	0.25
1684.0	420.0	1.0	0.25
1685.0	420.0	1.0	0.25
1687.0	421.0	1.0	0.25
1682.0	421.0	1.0	0.25
1683.0	421.0	1.0	0.25
1686.0	421.0	1.0	0.25
1692.0	422.0	1.0	0.25
1693.0	422.0	1.0	0.25
1688.0	422.0	1.0	0.25
1689.0	422.0	1.0	0.25
1695.0	423.0	1.0	0.25
1694.0	423.0	1.0	0.25
1690.0	423.0	1.0	0.25
1691.0	423.0	1.0	0.25
1696.0	424.0	1.0	0.25
1697.0	424.0	1.0	0.25
1700.0	424.0	1.0	0.25
1701.0	424.0	1.0	0.25
1698.0	425.0	1.0	0.25
1699.0	425.0	1.0	0.25
1702.0	425.0	1.0	0.25
1703.0	425.0	1.0	0.25
1709.0	426.0	1.0	0.25
1708.0	426.0	1.0	0.25
1705.0	426.0	1.0	0.25
1704.0	426.0	1.0	0.25
1706.0	427.0	1.0	0.25
1707.0	427.0	1.0	0.25
1710.0	427.0	1.0	0.25
1711.0	427.0	1.0	0.25
1712.0	428.0	1.0	0.25
1713.0	428.0	1.0	0.25
1716.0	428.0	1.0	0.25
1717.0	428.0	1.0	0.25
1715.0	429.0	1.0	0.25
1718.0	429.0	1.0	0.25
1714.0	429.0	1.0	0.25
1719.0	429.0	1.0	0.25
1725.0	430.0	1.0	0.25
1724.0	430.0	1.0	0.25
1721.0	430.0	1.0	0.25
1720.0	430.0	1.0	0.25
1722.0	431.0	1.0	0.25
1723.0	431.0	1.0	0.25
1726.0	431.0	1.0	0.25
1727.0	431.0	1.0	0.25
1728.0	432.0	1.0	0.25
1729.0	432.0	1.0	0.25
1732.0	432.0	1.0	0.25
1733.0	432.0	1.0	0.25
1734.0	433.0	1.0	0.25
1735.0	433.0	1.0	0.25
1730.0	433.0	1.0	0.25
1731.0	433.0	1.0	0.25
1736.0	434.0	1.0	0.25
1737.0	434.0	1.0	0.25
1740.0	434.0	1.0	0.25
1741.0	434.0	1.0	0.25
1738.0	435.0	1.0	0.25
1739.0	435.0	1.0	0.25
1742.0	435.0	1.0	0.25
1743.0	435.0	1.0	0.25
1749.0	436.0	1.0	0.25
1744.0	436.0	1.0	0.25
1745.0	436.0	1.0	0.25
1748.0	436.0	1.0	0.25
1750.0	437.0	1.0	0.25
1751.0	437.0	1.0	0.25
1746.0	437.0	1.0	0.25
1747.0	437.0	1.0	0.25
1752.0	438.0	1.0	0.25
1753.0	438.0	1.0	0.25
1756.0	438.0	1.0	0.25
1757.0	438.0	1.0	0.25
1754.0	439.0	1.0	0.25
1755.0	439.0	1.0	0.25
1758.0	439.0	1.0	0.25
1759.0	439.0	1.0	0.25
1760.0	440.0	1.0	0.25
1761.0	440.0	1.0	0.25
1764.0	440.0	1.0	0.25
1765.0	440.0	1.0	0.25
1767.0	441.0	1.0	0.25
1766.0	441.0	1.0	0.25
1763.0	441.0	1.0	0.25
1762.0	441.0	1.0	0.25
1768.0	442.0	1.0	0.25
1769.0	442.0	1.0	0.25
1772.0	442.0	1.0	0.25
1773.0	442.0	1.0	0.25
1770.0	443.0	1.0	0.25
1771.0	443.0	1.0	0.25
1774.0	443.0	1.0	0.25
1775.0	443.0	1.0	0.25
1781.0	444.0	1.0	0.25
1776.0	444.0	1.0	0.25
1777.0	444.0	1.0	0.25
1780.0	444.0	1.0	0.25
1779.0	445.0	1.0	0.25
1782.0	445.0	1.0	0.25
1778.0	445.0	1.0	0.25
1783.0	445.0	1.0	0.25
1789.0	446.0	1.0	0.25
1788.0	446.0	1.0	0.25
1785.0	446.0	1.0	0.25
1784.0	446.0	1.0	0.25
1786.0	447.0	1.0	0.25
1787.0	447.0	1.0	0.25
1790.0	447.0	1.0	0.25
1791.0	447.0	1.0	0.25
1792.0	448.0	1.0	0.25
1793.0	448.0	1.0	0.25
1796.0	448.0	1.0	0.25
1797.0	448.0	1.0	0.25
1798.0	449.0	1.0	0.25
1799.0	449.0	1.0	0.25
1794.0	449.0	1.0	0.25
1795.0	449.0	1.0	0.25
1800.0	450.0	1.0	0.25
1801.0	450.0	1.0	0.25
1804.0	450.0	1.0	0.25
1805.0	450.0	1.0	0.25
1802.0	451.0	1.0	0.25
1803.0	451.0	1.0	0.25
1806.0	451.0	1.0	0.25
1807.0	451.0	1.0	0.25
1813.0	452.0	1.0	0.25
1808.0	452.0	1.0	0.25
1809.0	452.0	1.0	0.25
1812.0	452.0	1.0	0.25
1814.0	453.0	1.0	0.25
1815.0	453.0	1.0	0.25
1810.0	453.0	1.0	0.25
1811.0	453.0	1.0	0.25
1816.0	454.0	1.0	0.25
1817.0	454.0	1.0	0.25
1820.0	454.0	1.0	0.25
1821.0	454.0	1.0	0.25
1818.0	455.0	1.0	0.25
1819.0	455.0	1.0	0.25
1822.0	455.0	1.0	0.25
1823.0	455.0	1.0	0.25
1824.0	456.0	1.0	0.25
1825.0	456.0	1.0	0.25
1828.0	456.0	1.0	0.25
1829.0	456.0	1.0	0.25
1831.0	457.0	1.0	0.25
1830.0	457.0	1.0	0.25
1827.0	457.0	1.0	0.25
1826.0	457.0	1.0	0.25
1832.0	458.0	1.0	0.25
1833.0	458.0	1.0	0.25
1836.0	458.0	1.0	0.25
1837.0	458.0	1.0	0.25
1834.0	459.0	1.0	0.25
1835.0	459.0	1.0	0.25
1838.0	459.0	1.0	0.25
1839.0	459.0	1.0	0.25
1845.0	460.0	1.0	0.25
1840.0	460.0	1.0	0.25
1841.0	460.0	1.0	0.25
1844.0	460.0	1.0	0.25
1846.0	461.0	1.0	0.25
1847.0	461.0	1.0	0.25
1842.0	461.0	1.0	0.25
1843.0	461.0	1.0	0.25
1848.0	462.0	1.0	0.25
1849.0	462.0	1.0	0.25
1852.0	462.0	1.0	0.25
1853.0	462.0	1.0	0.25
1850.0	463.0	1.0	0.25
1851.0	463.0	1.0	0.25
1854.0	463.0	1.0	0.25
1855.0	463.0	1.0	0.25
1856.0	464.0	1.0	0.25
1857.0	464.0	1.0	0.25
1860.0	464.0	1.0	0.25
1861.0	464.0	1.0	0.25
1863.0	465.0	1.0	0.25
1862.0	465.0	1.0	0.25
1858.0	465.0	1.0	0.25
1859.0	465.0	1.0	0.25
1864.0	466.0	1.0	0.25
1865.0	466.0	1.0	0.25
1868.0	466.0	1.0	0.25
1869.0	466.0	1.0	0.25
1866.0	467.0	1.0	0.25
1867.0	467.0	1.0	0.25
1870.0	467.0	1.0	0.25
1871.0	467.0	1.0	0.25
1872.0	468.0	1.0	0.25
1873.0	468.0	1.0	0.25
1876.0	468.0	1.0	0.25
1877.0	468.0	1.0	0.25
1879.0	469.0	1.0	0.25
1878.0	469.0	1.0	0.25
1875.0	469.0	1.0	0.25
1874.0	469.0	1.0	0.25
1880.0	470.0	1.0	0.25
1881.0	470.0	1.0	0.25
1884.0	470.0	1.0	0.25
1885.0	470.0	1.0	0.25
1882.0	471.0	1.0	0.25
1883.0	471.0	1.0	0.25
1886.0	471.0	1.0	0.25
1887.0	471.0	1.0	0.25
1893.0	472.0	1.0	0.25
1888.0	472.0	1.0	0.25
1889.0	472.0	1.0	0.25
1892.0	472.0	1.0	0.25
1895.0	473.0	1.0	0.25
1894.0	473.0	1.0	0.25
1891.0	473.0	1.0	0.25
1890.0	473.0	1.0	0.25
1896.0	474.0	1.0	0.25
1897.0	474.0	1.0	0.25
1900.0	474.0	1.0	0.25
1901.0	474.0	1.0	0.25
1903.0	475.0	1.0	0.25
1898.0	475.0	1.0	0.25
1899.0	475.0	1.0	0.25
1902.0	475.0	1.0	0.25
1908.0	476.0	1.0	0.25
1909.0	476.0	1.0	0.25
1904.0	476.0	1.0	0.25
1905.0	476.0	1.0	0.25
1910.0	477.0	1.0	0.25
1911.0	477.0	1.0	0.25
1906.0	477.0	1.0	0.25
1907.0	477.0	1.0	0.25
1912.0	478.0	1.0	0.25
1913.0	478.0	1.0	0.25
1916.0	478.0	1.0	0.25
1917.0	478.0	1.0	0.25
1914.0	479.0	1.0	0.25
1915.0	479.0	1.0	0.25
1918.0	479.0	1.0	0.25
1919.0	479.0	1.0	0.25
1920.0	480.0	1.0	0.25
1921.0	480.0	1.0	0.25
1924.0	480.0	1.0	0.25
1925.0	480.0	1.0	0.25
1927.0	481.0	1.0	0.25
1926.0	481.0	1.0	0.25
1922.0	481.0	1.0	0.25
1923.0	481.0	1.0	0.25
1928.0	482.0	1.0	0.25
1929.0	482.0	1.0	0.25
1932.0	482.0	1.0	0.25
1933.0	482.0	1.0	0.25
1930.0	483.0	1.0	0.25
1931.0	483.0	1.0	0.25
1934.0	483.0	1.0	0.25
1935.0	483.0	1.0	0.25
1941.0	484.0	1.0	0.25
1936.0	484.0	1.0	0.25
1937.0	484.0	1.0	0.25
1940.0	484.0	1.0	0.25
1943.0	485.0	1.0	0.25
1942.0	485.0	1.0	0.25
1939.0	485.0	1.0	0.25
1938.0	485.0	1.0	0.25
1944.0	486.0	1.0	0.25
1945.0	486.0	1.0	0.25
1948.0	486.0	1.0	0.25
1949.0	486.0	1.0	0.25
1946.0	487.0	1.0	0.25
1947.0	487.0	1.0	0.25
1950.0	487.0	1.0	0.25
1951.0	487.0	1.0	0.25
1952.0	488.0	1.0	0.25
1953.0	488.0	1.0	0.25
1956.0	488.0	1.0	0.25
1957.0	488.0	1.0	0.25
1959.0	489.0	1.0	0.25
1958.0	489.0	1.0	0.25
1955.0	489.0	1.0	0.25
1954.0	489.0	1.0	0.25
1960.0	490.0	1.0	0.25
1961.0	490.0	1.0	0.25
1964.0	490.0	1.0	0.25
1965.0	490.0	1.0	0.25
1962.0	491.0	1.0	0.25
1963.0	491.0	1.0	0.25
1966.0	491.0	1.0	0.25
1967.0	491.0	1.0	0.25
1968.0	492.0	1.0	0.25
1969.0	492.0	1.0	0.25
1972.0	492.0	1.0	0.25
1973.0	492.0	1.0	0.25
1974.0	493.0	1.0	0.25
1975.0	493.0	1.0	0.25
1971.0	493.0	1.0	0.25
1970.0	493.0	1.0	0.25
1976.0	494.0	1.0	0.25
1977.0	494.0	1.0	0.25
1980.0	494.0	1.0	0.25
1981.0	494.0	1.0	0.25
1978.0	495.0	1.0	0.25
1979.0	495.0	1.0	0.25
1982.0	495.0	1.0	0.25
1983.0	495.0	1.0	0.25
1984.0	496.0	1.0	0.25
1985.0	496.0	1.0	0.25
1988.0	496.0	1.0	0.25
1989.0	496.0	1.0	0.25
1991.0	497.0	1.0	0.25
1990.0	497.0	1.0	0.25
1986.0	497.0	1.0	0.25
1987.0	497.0	1.0	0.25
1992.0	498.0	1.0	0.25
1993.0	498.0	1.0	0.25
1996.0	498.0	1.0	0.25
1997.0	498.0	1.0	0.25
1994.0	499.0	1.0	0.25
1995.0	499.0	1.0	0.25
1998.0	499.0	1.0	0.25
1999.0	499.0	1.0	0.25
2000.0	500.0	1.0	0.25
2001.0	500.0	1.0	0.25
2004.0	500.0	1.0	0.25
2005.0	500.0	1.0	0.25
2006.0	501.0	1.0	0.25
2007.0	501.0	1.0	0.25
2003.0	501.0	1.0	0.25
2002.0	501.0	1.0	0.25
2008.0	502.0	1.0	0.25
2009.0	502.0	1.0	0.25
2012.0	502.0	1.0	0.25
2013.0	502.0	1.0	0.25
2010.0	503.0	1.0	0.25
2011.0	503.0	1.0	0.25
2014.0	503.0	1.0	0.25
2015.0	503.0	1.0	0.25
2021.0	504.0	1.0	0.25
2020.0	504.0	1.0	0.25
2017.0	504.0	1.0	0.25
2016.0	504.0	1.0	0.25
2018.0	505.0	1.0	0.25
2019.0	505.0	1.0	0.25
2022.0	505.0	1.0	0.25
2023.0	505.0	1.0	0.25
2024.0	506.0	1.0	0.25
2025.0	506.0	1.0	0.25
2028.0	506.0	1.0	0.25
2029.0	506.0	1.0	0.25
2030.0	507.0	1.0	0.25
2031.0	507.0	1.0	0.25
2026.0	507.0	1.0	0.25
2027.0	507.0	1.0	0.25
2036.0	508.0	1.0	0.25
2037.0	508.0	1.0	0.25
2032.0	508.0	1.0	0.25
2033.0	508.0	1.0	0.25
2038.0	509.0	1.0	0.25
2039.0	509.0	1.0	0.25
2034.0	509.0	1.0	0.25
2035.0	509.0	1.0	0.25
2044.0	510.0	1.0	0.25
2045.0	510.0	1.0	0.25
2040.0	510.0	1.0	0.25
2041.0	510.0	1.0	0.25
2046.0	511.0	1.0	0.25
2047.0	511.0	1.0	0.25
2042.0	511.0	1.0	0.25
2043.0	511.0	1.0	0.25
2048.0	512.0	1.0	0.25
2049.0	512.0	1.0	0.25
2052.0	512.0	1.0	0.25
2053.0	512.0	1.0	0.25
2050.0	513.0	1.0	0.25
2051.0	513.0	1.0	0.25
2054.0	513.0	1.0	0.25
2055.0	513.0	1.0	0.25
2056.0	514.0	1.0	0.25
2057.0	514.0	1.0	0.25
2060.0	514.0	1.0	0.25
2061.0	514.0	1.0	0.25
2063.0	515.0	1.0	0.25
2062.0	515.0	1.0	0.25
2058.0	515.0	1.0	0.25
2059.0	515.0	1.0	0.25
2064.0	516.0	1.0	0.25
2065.0	516.0	1.0	0.25
2068.0	516.0	1.0	0.25
2069.0	516.0	1.0	0.25
2066.0	517.0	1.0	0.25
2067.0	517.0	1.0	0.25
2070.0	517.0	1.0	0.25
2071.0	517.0	1.0	0.25
2077.0	518.0	1.0	0.25
2072.0	518.0	1.0	0.25
2073.0	518.0	1.0	0.25
2076.0	518.0	1.0	0.25
2079.0	519.0	1.0	0.25
2078.0	519.0	1.0	0.25
2074.0	519.0	1.0	0.25
2075.0	519.0	1.0	0.25
2080.0	520.0	1.0	0.25
2081.0	520.0	1.0	0.25
2084.0	520.0	1.0	0.25
2085.0	520.0	1.0	0.25
2082.0	521.0	1.0	0.25
2083.0	521.0	1.0	0.25
2086.0	521.0	1.0	0.25
2087.0	521.0	1.0	0.25
2093.0	522.0	1.0	0.25
2088.0	522.0	1.0	0.25
2089.0	522.0	1.0	0.25
2092.0	522.0	1.0	0.25
2095.0	523.0	1.0	0.25
2094.0	523.0	1.0	0.25
2091.0	523.0	1.0	0.25
2090.0	523.0	1.0	0.25
2096.0	524.0	1.0	0.25
2097.0	524.0	1.0	0.25
2100.0	524.0	1.0	0.25
2101.0	524.0	1.0	0.25
2103.0	525.0	1.0	0.25
2098.0	525.0	1.0	0.25
2099.0	525.0	1.0	0.25
2102.0	525.0	1.0	0.25
2108.0	526.0	1.0	0.25
2109.0	526.0	1.0	0.25
2104.0	526.0	1.0	0.25
2105.0	526.0	1.0	0.25
2111.0	527.0	1.0	0.25
2110.0	527.0	1.0	0.25
2107.0	527.0	1.0	0.25
2106.0	527.0	1.0	0.25
2112.0	528.0	1.0	0.25
2113.0	528.0	1.0	0.25
2116.0	528.0	1.0	0.25
2117.0	528.0	1.0	0.25
2114.0	529.0	1.0	0.25
2115.0	529.0	1.0	0.25
2118.0	529.0	1.0	0.25
2119.0	529.0	1.0	0.25
2120.0	530.0	1.0	0.25
2121.0	530.0	1.0	0.25
2124.0	530.0	1.0	0.25
2125.0	530.0	1.0	0.25
2127.0	531.0	1.0	0.25
2126.0	531.0	1.0	0.25
2123.0	531.0	1.0	0.25
2122.0	531.0	1.0	0.25
2128.0	532.0	1.0	0.25
2129.0	532.0	1.0	0.25
2132.0	532.0	1.0	0.25
2133.0	532.0	1.0	0.25
2130.0	533.0	1.0	0.25
2131.0	533.0	1.0	0.25
2134.0	533.0	1.0	0.25
2135.0	533.0	1.0	0.25
2136.0	534.0	1.0	0.25
2137.0	534.0	1.0	0.25
2140.0	534.0	1.0	0.25
2141.0	534.0	1.0	0.25
2143.0	535.0	1.0	0.25
2142.0	535.0	1.0	0.25
2139.0	535.0	1.0	0.25
2138.0	535.0	1.0	0.25
2144.0	536.0	1.0	0.25
2145.0	536.0	1.0	0.25
2148.0	536.0	1.0	0.25
2149.0	536.0	1.0	0.25
2146.0	537.0	1.0	0.25
2147.0	537.0	1.0	0.25
2150.0	537.0	1.0	0.25
2151.0	537.0	1.0	0.25
2157.0	538.0	1.0	0.25
2156.0	538.0	1.0	0.25
2153.0	538.0	1.0	0.25
2152.0	538.0	1.0	0.25
2154.0	539.0	1.0	0.25
2155.0	539.0	1.0	0.25
2158.0	539.0	1.0	0.25
2159.0	539.0	1.0	0.25
2160.0	540.0	1.0	0.25
2161.0	540.0	1.0	0.25
2164.0	540.0	1.0	0.25
2165.0	540.0	1.0	0.25
2166.0	541.0	1.0	0.25
2167.0	541.0	1.0	0.25
2162.0	541.0	1.0	0.25
2163.0	541.0	1.0	0.25
2172.0	542.0	1.0	0.25
2173.0	542.0	1.0	0.25
2168.0	542.0	1.0	0.25
2169.0	542.0	1.0	0.25
2175.0	543.0	1.0	0.25
2174.0	543.0	1.0	0.25
2171.0	543.0	1.0	0.25
2170.0	543.0	1.0	0.25
2176.0	544.0	1.0	0.25
2177.0	544.0	1.0	0.25
2180.0	544.0	1.0	0.25
2181.0	544.0	1.0	0.25
2178.0	545.0	1.0	0.25
2179.0	545.0	1.0	0.25
2182.0	545.0	1.0	0.25
2183.0	545.0	1.0	0.25
2184.0	546.0	1.0	0.25
2185.0	546.0	1.0	0.25
2188.0	546.0	1.0	0.25
2189.0	546.0	1.0	0.25
2191.0	547.0	1.0	0.25
2190.0	547.0	1.0	0.25
2187.0	547.0	1.0	0.25
2186.0	547.0	1.0	0.25
2192.0	548.0	1.0	0.25
2193.0	548.0	1.0	0.25
2196.0	548.0	1.0	0.25
2197.0	548.0	1.0	0.25
2194.0	549.0	1.0	0.25
2195.0	549.0	1.0	0.25
2198.0	549.0	1.0	0.25
2199.0	549.0	1.0	0.25
2200.0	550.0	1.0	0.25
2201.0	550.0	1.0	0.25
2204.0	550.0	1.0	0.25
2205.0	550.0	1.0	0.25
2207.0	551.0	1.0	0.25
2206.0	551.0	1.0	0.25
2203.0	551.0	1.0	0.25
2202.0	551.0	1.0	0.25
2208.0	552.0	1.0	0.25
2209.0	552.0	1.0	0.25
2212.0	552.0	1.0	0.25
2213.0	552.0	1.0	0.25
2210.0	553.0	1.0	0.25
2211.0	553.0	1.0	0.25
2214.0	553.0	1.0	0.25
2215.0	553.0	1.0	0.25
2216.0	554.0	1.0	0.25
2217.0	554.0	1.0	0.25
2220.0	554.0	1.0	0.25
2221.0	554.0	1.0	0.25
2223.0	555.0	1.0	0.25
2222.0	555.0	1.0	0.25
2218.0	555.0	1.0	0.25
2219.0	555.0	1.0	0.25
2224.0	556.0	1.0	0.25
2225.0	556.0	1.0	0.25
2228.0	556.0	1.0	0.25
2229.0	556.0	1.0	0.25
2226.0	557.0	1.0	0.25
2227.0	557.0	1.0	0.25
2230.0	557.0	1.0	0.25
2231.0	557.0	1.0	0.25
2232.0	558.0	1.0	0.25
2233.0	558.0	1.0	0.25
2236.0	558.0	1.0	0.25
2237.0	558.0	1.0	0.25
2238.0	559.0	1.0	0.25
2239.0	559.0	1.0	0.25
2235.0	559.0	1.0	0.25
2234.0	559.0	1.0	0.25
2240.0	560.0	1.0	0.25
2241.0	560.0	1.0	0.25
2244.0	560.0	1.0	0.25
2245.0	560.0	1.0	0.25
2242.0	561.0	1.0	0.25
2243.0	561.0	1.0	0.25
2246.0	561.0	1.0	0.25
2247.0	561.0	1.0	0.25
2253.0	562.0	1.0	0.25
2248.0	562.0	1.0	0.25
2249.0	562.0	1.0	0.25
2252.0	562.0	1.0	0.25
2255.0	563.0	1.0	0.25
2254.0	563.0	1.0	0.25
2250.0	563.0	1.0	0.25
2251.0	563.0	1.0	0.25
2256.0	564.0	1.0	0.25
2257.0	564.0	1.0	0.25
2260.0	564.0	1.0	0.25
2261.0	564.0	1.0	0.25
2262.0	565.0	1.0	0.25
2258.0	565.0	1.0	0.25
2259.0	565.0	1.0	0.25
2263.0	565.0	1.0	0.25
2269.0	566.0	1.0	0.25
2268.0	566.0	1.0	0.25
2265.0	566.0	1.0	0.25
2264.0	566.0	1.0	0.25
2266.0	567.0	1.0	0.25
2267.0	567.0	1.0	0.25
2270.0	567.0	1.0	0.25
2271.0	567.0	1.0	0.25
2272.0	568.0	1.0	0.25
2273.0	568.0	1.0	0.25
2276.0	568.0	1.0	0.25
2277.0	568.0	1.0	0.25
2278.0	569.0	1.0	0.25
2279.0	569.0	1.0	0.25
2274.0	569.0	1.0	0.25
2275.0	569.0	1.0	0.25
2280.0	570.0	1.0	0.25
2281.0	570.0	1.0	0.25
2284.0	570.0	1.0	0.25
2285.0	570.0	1.0	0.25
2282.0	571.0	1.0	0.25
2283.0	571.0	1.0	0.25
2286.0	571.0	1.0	0.25
2287.0	571.0	1.0	0.25
2293.0	572.0	1.0	0.25
2288.0	572.0	1.0	0.25
2289.0	572.0	1.0	0.25
2292.0	572.0	1.0	0.25
2294.0	573.0	1.0	0.25
2295.0	573.0	1.0	0.25
2290.0	573.0	1.0	0.25
2291.0	573.0	1.0	0.25
2300.0	574.0	1.0	0.25
2301.0	574.0	1.0	0.25
2296.0	574.0	1.0	0.25
2297.0	574.0	1.0	0.25
2303.0	575.0	1.0	0.25
2302.0	575.0	1.0	0.25
2299.0	575.0	1.0	0.25
2298.0	575.0	1.0	0.25
2304.0	576.0	1.0	0.25
2305.0	576.0	1.0	0.25
2308.0	576.0	1.0	0.25
2309.0	576.0	1.0	0.25
2306.0	577.0	1.0	0.25
2307.0	577.0	1.0	0.25
2310.0	577.0	1.0	0.25
2311.0	577.0	1.0	0.25
2312.0	578.0	1.0	0.25
2313.0	578.0	1.0	0.25
2316.0	578.0	1.0	0.25
2317.0	578.0	1.0	0.25
2319.0	579.0	1.0	0.25
2318.0	579.0	1.0	0.25
2315.0	579.0	1.0	0.25
2314.0	579.0	1.0	0.25
2320.0	580.0	1.0	0.25
2321.0	580.0	1.0	0.25
2324.0	580.0	1.0	0.25
2325.0	580.0	1.0	0.25
2322.0	581.0	1.0	0.25
2323.0	581.0	1.0	0.25
2326.0	581.0	1.0	0.25
2327.0	581.0	1.0	0.25
2328.0	582.0	1.0	0.25
2329.0	582.0	1.0	0.25
2332.0	582.0	1.0	0.25
2333.0	582.0	1.0	0.25
2335.0	583.0	1.0	0.25
2334.0	583.0	1.0	0.25
2331.0	583.0	1.0	0.25
2330.0	583.0	1.0	0.25
2336.0	584.0	1.0	0.25
2337.0	584.0	1.0	0.25
2340.0	584.0	1.0	0.25
2341.0	584.0	1.0	0.25
2338.0	585.0	1.0	0.25
2339.0	585.0	1.0	0.25
2342.0	585.0	1.0	0.25
2343.0	585.0	1.0	0.25
2344.0	586.0	1.0	0.25
2345.0	586.0	1.0	0.25
2348.0	586.0	1.0	0.25
2349.0	586.0	1.0	0.25
2351.0	587.0	1.0	0.25
2350.0	587.0	1.0	0.25
2346.0	587.0	1.0	0.25
2347.0	587.0	1.0	0.25
2352.0	588.0	1.0	0.25
2353.0	588.0	1.0	0.25
2356.0	588.0	1.0	0.25
2357.0	588.0	1.0	0.25
2354.0	589.0	1.0	0.25
2355.0	589.0	1.0	0.25
2358.0	589.0	1.0	0.25
2359.0	589.0	1.0	0.25
2360.0	590.0	1.0	0.25
2361.0	590.0	1.0	0.25
2364.0	590.0	1.0	0.25
2365.0	590.0	1.0	0.25
2367.0	591.0	1.0	0.25
2366.0	591.0	1.0	0.25
2363.0	591.0	1.0	0.25
2362.0	591.0	1.0	0.25
2368.0	592.0	1.0	0.25
2369.0	592.0	1.0	0.25
2372.0	592.0	1.0	0.25
2373.0	592.0	1.0	0.25
2370.0	593.0	1.0	0.25
2371.0	593.0	1.0	0.25
2374.0	593.0	1.0	0.25
2375.0	593.0	1.0	0.25
2376.0	594.0	1.0	0.25
2377.0	594.0	1.0	0.25
2380.0	594.0	1.0	0.25
2381.0	594.0	1.0	0.25
2383.0	595.0	1.0	0.25
2382.0	595.0	1.0	0.25
2379.0	595.0	1.0	0.25
2378.0	595.0	1.0	0.25
2384.0	596.0	1.0	0.25
2385.0	596.0	1.0	0.25
2388.0	596.0	1.0	0.25
2389.0	596.0	1.0	0.25
2386.0	597.0	1.0	0.25
2387.0	597.0	1.0	0.25
2390.0	597.0	1.0	0.25
2391.0	597.0	1.0	0.25
2392.0	598.0	1.0	0.25
2393.0	598.0	1.0	0.25
2396.0	598.0	1.0	0.25
2397.0	598.0	1.0	0.25
2399.0	599.0	1.0	0.25
2398.0	599.0	1.0	0.25
2394.0	599.0	1.0	0.25
2395.0	599.0	1.0	0.25
2400.0	600.0	1.0	0.25
2401.0	600.0	1.0	0.25
2404.0	600.0	1.0	0.25
2405.0	600.0	1.0	0.25
2402.0	601.0	1.0	0.25
2403.0	601.0	1.0	0.25
2406.0	601.0	1.0	0.25
2407.0	601.0	1.0	0.25
2413.0	602.0	1.0	0.25
2408.0	602.0	1.0	0.25
2409.0	602.0	1.0	0.25
2412.0	602.0	1.0	0.25
2415.0	603.0	1.0	0.25
2414.0	603.0	1.0	0.25
2411.0	603.0	1.0	0.25
2410.0	603.0	1.0	0.25
2416.0	604.0	1.0	0.25
2417.0	604.0	1.0	0.25
2420.0	604.0	1.0	0.25
2421.0	604.0	1.0	0.25
2423.0	605.0	1.0	0.25
2418.0	605.0	1.0	0.25
2419.0	605.0	1.0	0.25
2422.0	605.0	1.0	0.25
2428.0	606.0	1.0	0.25
2429.0	606.0	1.0	0.25
2424.0	606.0	1.0	0.25
2425.0	606.0	1.0	0.25
2431.0	607.0	1.0	0.25
2430.0	607.0	1.0	0.25
2427.0	607.0	1.0	0.25
2426.0	607.0	1.0	0.25
2432.0	608.0	1.0	0.25
2433.0	608.0	1.0	0.25
2436.0	608.0	1.0	0.25
2437.0	608.0	1.0	0.25
2434.0	609.0	1.0	0.25
2435.0	609.0	1.0	0.25
2438.0	609.0	1.0	0.25
2439.0	609.0	1.0	0.25
2445.0	610.0	1.0	0.25
2440.0	610.0	1.0	0.25
2441.0	610.0	1.0	0.25
2444.0	610.0	1.0	0.25
2447.0	611.0	1.0	0.25
2446.0	611.0	1.0	0.25
2442.0	611.0	1.0	0.25
2443.0	611.0	1.0	0.25
2448.0	612.0	1.0	0.25
2449.0	612.0	1.0	0.25
2452.0	612.0	1.0	0.25
2453.0	612.0	1.0	0.25
2455.0	613.0	1.0	0.25
2450.0	613.0	1.0	0.25
2451.0	613.0	1.0	0.25
2454.0	613.0	1.0	0.25
2460.0	614.0	1.0	0.25
2461.0	614.0	1.0	0.25
2456.0	614.0	1.0	0.25
2457.0	614.0	1.0	0.25
2463.0	615.0	1.0	0.25
2462.0	615.0	1.0	0.25
2458.0	615.0	1.0	0.25
2459.0	615.0	1.0	0.25
2464.0	616.0	1.0	0.25
2465.0	616.0	1.0	0.25
2468.0	616.0	1.0	0.25
2469.0	616.0	1.0	0.25
2466.0	617.0	1.0	0.25
2467.0	617.0	1.0	0.25
2470.0	617.0	1.0	0.25
2471.0	617.0	1.0	0.25
2477.0	618.0	1.0	0.25
2476.0	618.0	1.0	0.25
2473.0	618.0	1.0	0.25
2472.0	618.0	1.0	0.25
2474.0	619.0	1.0	0.25
2475.0	619.0	1.0	0.25
2478.0	619.0	1.0	0.25
2479.0	619.0	1.0	0.25
2480.0	620.0	1.0	0.25
2481.0	620.0	1.0	0.25
2484.0	620.0	1.0	0.25
2485.0	620.0	1.0	0.25
2483.0	621.0	1.0	0.25
2486.0	621.0	1.0	0.25
2482.0	621.0	1.0	0.25
2487.0	621.0	1.0	0.25
2493.0	622.0	1.0	0.25
2492.0	622.0	1.0	0.25
2489.0	622.0	1.0	0.25
2488.0	622.0	1.0	0.25
2490.0	623.0	1.0	0.25
2491.0	623.0	1.0	0.25
2494.0	623.0	1.0	0.25
2495.0	623.0	1.0	0.25
2496.0	624.0	1.0	0.25
2497.0	624.0	1.0	0.25
2500.0	624.0	1.0	0.25
2501.0	624.0	1.0	0.25
2502.0	625.0	1.0	0.25
2503.0	625.0	1.0	0.25
2498.0	625.0	1.0	0.25
2499.0	625.0	1.0	0.25
2504.0	626.0	1.0	0.25
2505.0	626.0	1.0	0.25
2508.0	626.0	1.0	0.25
2509.0	626.0	1.0	0.25
2506.0	627.0	1.0	0.25
2507.0	627.0	1.0	0.25
2510.0	627.0	1.0	0.25
2511.0	627.0	1.0	0.25
2517.0	628.0	1.0	0.25
2512.0	628.0	1.0	0.25
2513.0	628.0	1.0	0.25
2516.0	628.0	1.0	0.25
2518.0	629.0	1.0	0.25
2519.0	629.0	1.0	0.25
2514.0	629.0	1.0	0.25
2515.0	629.0	1.0	0.25
2520.0	630.0	1.0	0.25
2521.0	630.0	1.0	0.25
2524.0	630.0	1.0	0.25
2525.0	630.0	1.0	0.25
2522.0	631.0	1.0	0.25
2523.0	631.0	1.0	0.25
2526.0	631.0	1.0	0.25
2527.0	631.0	1.0	0.25
2528.0	632.0	1.0	0.25
2529.0	632.0	1.0	0.25
2532.0	632.0	1.0	0.25
2533.0	632.0	1.0	0.25
2535.0	633.0	1.0	0.25
2534.0	633.0	1.0	0.25
2531.0	633.0	1.0	0.25
2530.0	633.0	1.0	0.25
2536.0	634.0	1.0	0.25
2537.0	634.0	1.0	0.25
2540.0	634.0	1.0	0.25
2541.0	634.0	1.0	0.25
2538.0	635.0	1.0	0.25
2539.0	635.0	1.0	0.25
2542.0	635.0	1.0	0.25
2543.0	635.0	1.0	0.25
2549.0	636.0	1.0	0.25
2544.0	636.0	1.0	0.25
2545.0	636.0	1.0	0.25
2548.0	636.0	1.0	0.25
2550.0	637.0	1.0	0.25
2551.0	637.0	1.0	0.25
2546.0	637.0	1.0	0.25
2547.0	637.0	1.0	0.25
2556.0	638.0	1.0	0.25
2557.0	638.0	1.0	0.25
2552.0	638.0	1.0	0.25
2553.0	638.0	1.0	0.25
2559.0	639.0	1.0	0.25
2558.0	639.0	1.0	0.25
2555.0	639.0	1.0	0.25
2554.0	639.0	1.0	0.25
2560.0	640.0	1.0	0.25
2561.0	640.0	1.0	0.25
2564.0	640.0	1.0	0.25
2565.0	640.0	1.0	0.25
2562.0	641.0	1.0	0.25
2563.0	641.0	1.0	0.25
2566.0	641.0	1.0	0.25
2567.0	641.0	1.0	0.25
2568.0	642.0	1.0	0.25
2569.0	642.0	1.0	0.25
2572.0	642.0	1.0	0.25
2573.0	642.0	1.0	0.25
2575.0	643.0	1.0	0.25
2574.0	643.0	1.0	0.25
2571.0	643.0	1.0	0.25
2570.0	643.0	1.0	0.25
2576.0	644.0	1.0	0.25
2577.0	644.0	1.0	0.25
2580.0	644.0	1.0	0.25
2581.0	644.0	1.0	0.25
2578.0	645.0	1.0	0.25
2579.0	645.0	1.0	0.25
2582.0	645.0	1.0	0.25
2583.0	645.0	1.0	0.25
2584.0	646.0	1.0	0.25
2585.0	646.0	1.0	0.25
2588.0	646.0	1.0	0.25
2589.0	646.0	1.0	0.25
2591.0	647.0	1.0	0.25
2590.0	647.0	1.0	0.25
2587.0	647.0	1.0	0.25
2586.0	647.0	1.0	0.25
2592.0	648.0	1.0	0.25
2593.0	648.0	1.0	0.25
2596.0	648.0	1.0	0.25
2597.0	648.0	1.0	0.25
2594.0	649.0	1.0	0.25
2595.0	649.0	1.0	0.25
2598.0	649.0	1.0	0.25
2599.0	649.0	1.0	0.25
2600.0	650.0	1.0	0.25
2601.0	650.0	1.0	0.25
2604.0	650.0	1.0	0.25
2605.0	650.0	1.0	0.25
2607.0	651.0	1.0	0.25
2606.0	651.0	1.0	0.25
2602.0	651.0	1.0	0.25
2603.0	651.0	1.0	0.25
2608.0	652.0	1.0	0.25
2609.0	652.0	1.0	0.25
2612.0	652.0	1.0	0.25
2613.0	652.0	1.0	0.25
2610.0	653.0	1.0	0.25
2611.0	653.0	1.0	0.25
2614.0	653.0	1.0	0.25
2615.0	653.0	1.0	0.25
2616.0	654.0	1.0	0.25
2617.0	654.0	1.0	0.25
2620.0	654.0	1.0	0.25
2621.0	654.0	1.0	0.25
2623.0	655.0	1.0	0.25
2622.0	655.0	1.0	0.25
2619.0	655.0	1.0	0.25
2618.0	655.0	1.0	0.25
2624.0	656.0	1.0	0.25
2625.0	656.0	1.0	0.25
2628.0	656.0	1.0	0.25
2629.0	656.0	1.0	0.25
2626.0	657.0	1.0	0.25
2627.0	657.0	1.0	0.25
2630.0	657.0	1.0	0.25
2631.0	657.0	1.0	0.25
2632.0	658.0	1.0	0.25
2633.0	658.0	1.0	0.25
2636.0	658.0	1.0	0.25
2637.0	658.0	1.0	0.25
2639.0	659.0	1.0	0.25
2638.0	659.0	1.0	0.25
2635.0	659.0	1.0	0.25
2634.0	659.0	1.0	0.25
2640.0	660.0	1.0	0.25
2641.0	660.0	1.0	0.25
2644.0	660.0	1.0	0.25
2645.0	660.0	1.0	0.25
2642.0	661.0	1.0	0.25
2643.0	661.0	1.0	0.25
2646.0	661.0	1.0	0.25
2647.0	661.0	1.0	0.25
2648.0	662.0	1.0	0.25
2649.0	662.0	1.0	0.25
2652.0	662.0	1.0	0.25
2653.0	662.0	1.0	0.25
2655.0	663.0	1.0	0.25
2654.0	663.0	1.0	0.25
2650.0	663.0	1.0	0.25
2651.0	663.0	1.0	0.25
2656.0	664.0	1.0	0.25
2657.0	664.0	1.0	0.25
2660.0	664.0	1.0	0.25
2661.0	664.0	1.0	0.25
2658.0	665.0	1.0	0.25
2659.0	665.0	1.0	0.25
2662.0	665.0	1.0	0.25
2663.0	665.0	1.0	0.25
2664.0	666.0	1.0	0.25
2665.0	666.0	1.0	0.25
2668.0	666.0	1.0	0.25
2669.0	666.0	1.0	0.25
2667.0	667.0	1.0	0.25
2671.0	667.0	1.0	0.25
2666.0	667.0	1.0	0.25
2670.0	667.0	1.0	0.25
2672.0	668.0	1.0	0.25
2673.0	668.0	1.0	0.25
2676.0	668.0	1.0	0.25
2677.0	668.0	1.0	0.25
2674.0	669.0	1.0	0.25
2675.0	669.0	1.0	0.25
2678.0	669.0	1.0	0.25
2679.0	669.0	1.0	0.25
2684.0	670.0	1.0	0.25
2680.0	670.0	1.0	0.25
2681.0	670.0	1.0	0.25
2685.0	670.0	1.0	0.25
2687.0	671.0	1.0	0.25
2686.0	671.0	1.0	0.25
2683.0	671.0	1.0	0.25
2682.0	671.0	1.0	0.25
2688.0	672.0	1.0	0.25
2689.0	672.0	1.0	0.25
2692.0	672.0	1.0	0.25
2693.0	672.0	1.0	0.25
2690.0	673.0	1.0	0.25
2691.0	673.0	1.0	0.25
2694.0	673.0	1.0	0.25
2695.0	673.0	1.0	0.25
2696.0	674.0	1.0	0.25
2697.0	674.0	1.0	0.25
2700.0	674.0	1.0	0.25
2701.0	674.0	1.0	0.25
2703.0	675.0	1.0	0.25
2702.0	675.0	1.0	0.25
2698.0	675.0	1.0	0.25
2699.0	675.0	1.0	0.25
2704.0	676.0	1.0	0.25
2705.0	676.0	1.0	0.25
2708.0	676.0	1.0	0.25
2709.0	676.0	1.0	0.25
2706.0	677.0	1.0	0.25
2707.0	677.0	1.0	0.25
2710.0	677.0	1.0	0.25
2711.0	677.0	1.0	0.25
2712.0	678.0	1.0	0.25
2713.0	678.0	1.0	0.25
2716.0	678.0	1.0	0.25
2717.0	678.0	1.0	0.25
2719.0	679.0	1.0	0.25
2718.0	679.0	1.0	0.25
2715.0	679.0	1.0	0.25
2714.0	679.0	1.0	0.25
2720.0	680.0	1.0	0.25
2721.0	680.0	1.0	0.25
2724.0	680.0	1.0	0.25
2725.0	680.0	1.0	0.25
2722.0	681.0	1.0	0.25
2723.0	681.0	1.0	0.25
2726.0	681.0	1.0	0.25
2727.0	681.0	1.0	0.25
2728.0	682.0	1.0	0.25
2729.0	682.0	1.0	0.25
2732.0	682.0	1.0	0.25
2733.0	682.0	1.0	0.25
2735.0	683.0	1.0	0.25
2734.0	683.0	1.0	0.25
2731.0	683.0	1.0	0.25
2730.0	683.0	1.0	0.25
2736.0	684.0	1.0	0.25
2737.0	684.0	1.0	0.25
2740.0	684.0	1.0	0.25
2741.0	684.0	1.0	0.25
2738.0	685.0	1.0	0.25
2739.0	685.0	1.0	0.25
2742.0	685.0	1.0	0.25
2743.0	685.0	1.0	0.25
2744.0	686.0	1.0	0.25
2745.0	686.0	1.0	0.25
2748.0	686.0	1.0	0.25
2749.0	686.0	1.0	0.25
2751.0	687.0	1.0	0.25
2750.0	687.0	1.0	0.25
2747.0	687.0	1.0	0.25
2746.0	687.0	1.0	0.25
2752.0	688.0	1.0	0.25
2753.0	688.0	1.0	0.25
2756.0	688.0	1.0	0.25
2757.0	688.0	1.0	0.25
2754.0	689.0	1.0	0.25
2755.0	689.0	1.0	0.25
2758.0	689.0	1.0	0.25
2759.0	689.0	1.0	0.25
2760.0	690.0	1.0	0.25
2761.0	690.0	1.0	0.25
2764.0	690.0	1.0	0.25
2765.0	690.0	1.0	0.25
2767.0	691.0	1.0	0.25
2766.0	691.0	1.0	0.25
2763.0	691.0	1.0	0.25
2762.0	691.0	1.0	0.25
2768.0	692.0	1.0	0.25
2769.0	692.0	1.0	0.25
2772.0	692.0	1.0	0.25
2773.0	692.0	1.0	0.25
2770.0	693.0	1.0	0.25
2771.0	693.0	1.0	0.25
2774.0	693.0	1.0	0.25
2775.0	693.0	1.0	0.25
2776.0	694.0	1.0	0.25
2777.0	694.0	1.0	0.25
2780.0	694.0	1.0	0.25
2781.0	694.0	1.0	0.25
2783.0	695.0	1.0	0.25
2779.0	695.0	1.0	0.25
2778.0	695.0	1.0	0.25
2782.0	695.0	1.0	0.25
2784.0	696.0	1.0	0.25
2785.0	696.0	1.0	0.25
2788.0	696.0	1.0	0.25
2789.0	696.0	1.0	0.25
2786.0	697.0	1.0	0.25
2787.0	697.0	1.0	0.25
2790.0	697.0	1.0	0.25
2791.0	697.0	1.0	0.25
2797.0	698.0	1.0	0.25
2792.0	698.0	1.0	0.25
2793.0	698.0	1.0	0.25
2796.0	698.0	1.0	0.25
2799.0	699.0	1.0	0.25
2798.0	699.0	1.0	0.25
2795.0	699.0	1.0	0.25
2794.0	699.0	1.0	0.25
2800.0	700.0	1.0	0.25
2801.0	700.0	1.0	0.25
2804.0	700.0	1.0	0.25
2805.0	700.0	1.0	0.25
2807.0	701.0	1.0	0.25
2802.0	701.0	1.0	0.25
2803.0	701.0	1.0	0.25
2806.0	701.0	1.0	0.25
2809.0	702.0	1.0	0.25
2812.0	702.0	1.0	0.25
2808.0	702.0	1.0	0.25
2813.0	702.0	1.0	0.25
2815.0	703.0	1.0	0.25
2814.0	703.0	1.0	0.25
2811.0	703.0	1.0	0.25
2810.0	703.0	1.0	0.25
2816.0	704.0	1.0	0.25
2817.0	704.0	1.0	0.25
2820.0	704.0	1.0	0.25
2821.0	704.0	1.0	0.25
2818.0	705.0	1.0	0.25
2819.0	705.0	1.0	0.25
2822.0	705.0	1.0	0.25
2823.0	705.0	1.0	0.25
2824.0	706.0	1.0	0.25
2825.0	706.0	1.0	0.25
2828.0	706.0	1.0	0.25
2829.0	706.0	1.0	0.25
2831.0	707.0	1.0	0.25
2830.0	707.0	1.0	0.25
2826.0	707.0	1.0	0.25
2827.0	707.0	1.0	0.25
2832.0	708.0	1.0	0.25
2833.0	708.0	1.0	0.25
2836.0	708.0	1.0	0.25
2837.0	708.0	1.0	0.25
2834.0	709.0	1.0	0.25
2835.0	709.0	1.0	0.25
2838.0	709.0	1.0	0.25
2839.0	709.0	1.0	0.25
2840.0	710.0	1.0	0.25
2841.0	710.0	1.0	0.25
2844.0	710.0	1.0	0.25
2845.0	710.0	1.0	0.25
2847.0	711.0	1.0	0.25
2846.0	711.0	1.0	0.25
2843.0	711.0	1.0	0.25
2842.0	711.0	1.0	0.25
2848.0	712.0	1.0	0.25
2849.0	712.0	1.0	0.25
2852.0	712.0	1.0	0.25
2853.0	712.0	1.0	0.25
2850.0	713.0	1.0	0.25
2851.0	713.0	1.0	0.25
2854.0	713.0	1.0	0.25
2855.0	713.0	1.0	0.25
2856.0	714.0	1.0	0.25
2857.0	714.0	1.0	0.25
2860.0	714.0	1.0	0.25
2861.0	714.0	1.0	0.25
2863.0	715.0	1.0	0.25
2862.0	715.0	1.0	0.25
2859.0	715.0	1.0	0.25
2858.0	715.0	1.0	0.25
2864.0	716.0	1.0	0.25
2865.0	716.0	1.0	0.25
2868.0	716.0	1.0	0.25
2869.0	716.0	1.0	0.25
2866.0	717.0	1.0	0.25
2867.0	717.0	1.0	0.25
2870.0	717.0	1.0	0.25
2871.0	717.0	1.0	0.25
2872.0	718.0	1.0	0.25
2873.0	718.0	1.0	0.25
2876.0	718.0	1.0	0.25
2877.0	718.0	1.0	0.25
2879.0	719.0	1.0	0.25
2878.0	719.0	1.0	0.25
2875.0	719.0	1.0	0.25
2874.0	719.0	1.0	0.25
2880.0	720.0	1.0	0.25
2881.0	720.0	1.0	0.25
2884.0	720.0	1.0	0.25
2885.0	720.0	1.0	0.25
2882.0	721.0	1.0	0.25
2883.0	721.0	1.0	0.25
2886.0	721.0	1.0	0.25
2887.0	721.0	1.0	0.25
2888.0	722.0	1.0	0.25
2889.0	722.0	1.0	0.25
2892.0	722.0	1.0	0.25
2893.0	722.0	1.0	0.25
2895.0	723.0	1.0	0.25
2894.0	723.0	1.0	0.25
2891.0	723.0	1.0	0.25
2890.0	723.0	1.0	0.25
2896.0	724.0	1.0	0.25
2897.0	724.0	1.0	0.25
2900.0	724.0	1.0	0.25
2901.0	724.0	1.0	0.25
2898.0	725.0	1.0	0.25
2899.0	725.0	1.0	0.25
2902.0	725.0	1.0	0.25
2903.0	725.0	1.0	0.25
2904.0	726.0	1.0	0.25
2905.0	726.0	1.0	0.25
2908.0	726.0	1.0	0.25
2909.0	726.0	1.0	0.25
2911.0	727.0	1.0	0.25
2907.0	727.0	1.0	0.25
2906.0	727.0	1.0	0.25
2910.0	727.0	1.0	0.25
2912.0	728.0	1.0	0.25
2913.0	728.0	1.0	0.25
2916.0	728.0	1.0	0.25
2917.0	728.0	1.0	0.25
2914.0	729.0	1.0	0.25
2915.0	729.0	1.0	0.25
2918.0	729.0	1.0	0.25
2919.0	729.0	1.0	0.25
2925.0	730.0	1.0	0.25
2920.0	730.0	1.0	0.25
2921.0	730.0	1.0	0.25
2924.0	730.0	1.0	0.25
2927.0	731.0	1.0	0.25
2926.0	731.0	1.0	0.25
2923.0	731.0	1.0	0.25
2922.0	731.0	1.0	0.25
2928.0	732.0	1.0	0.25
2929.0	732.0	1.0	0.25
2932.0	732.0	1.0	0.25
2933.0	732.0	1.0	0.25
2935.0	733.0	1.0	0.25
2930.0	733.0	1.0	0.25
2931.0	733.0	1.0	0.25
2934.0	733.0	1.0	0.25
2937.0	734.0	1.0	0.25
2940.0	734.0	1.0	0.25
2936.0	734.0	1.0	0.25
2941.0	734.0	1.0	0.25
2943.0	735.0	1.0	0.25
2942.0	735.0	1.0	0.25
2939.0	735.0	1.0	0.25
2938.0	735.0	1.0	0.25
2944.0	736.0	1.0	0.25
2945.0	736.0	1.0	0.25
2948.0	736.0	1.0	0.25
2949.0	736.0	1.0	0.25
2946.0	737.0	1.0	0.25
2947.0	737.0	1.0	0.25
2950.0	737.0	1.0	0.25
2951.0	737.0	1.0	0.25
2952.0	738.0	1.0	0.25
2953.0	738.0	1.0	0.25
2956.0	738.0	1.0	0.25
2957.0	738.0	1.0	0.25
2959.0	739.0	1.0	0.25
2958.0	739.0	1.0	0.25
2955.0	739.0	1.0	0.25
2954.0	739.0	1.0	0.25
2960.0	740.0	1.0	0.25
2961.0	740.0	1.0	0.25
2964.0	740.0	1.0	0.25
2965.0	740.0	1.0	0.25
2962.0	741.0	1.0	0.25
2963.0	741.0	1.0	0.25
2966.0	741.0	1.0	0.25
2967.0	741.0	1.0	0.25
2968.0	742.0	1.0	0.25
2969.0	742.0	1.0	0.25
2972.0	742.0	1.0	0.25
2973.0	742.0	1.0	0.25
2975.0	743.0	1.0	0.25
2974.0	743.0	1.0	0.25
2970.0	743.0	1.0	0.25
2971.0	743.0	1.0	0.25
2976.0	744.0	1.0	0.25
2977.0	744.0	1.0	0.25
2980.0	744.0	1.0	0.25
2981.0	744.0	1.0	0.25
2978.0	745.0	1.0	0.25
2979.0	745.0	1.0	0.25
2982.0	745.0	1.0	0.25
2983.0	745.0	1.0	0.25
2984.0	746.0	1.0	0.25
2985.0	746.0	1.0	0.25
2988.0	746.0	1.0	0.25
2989.0	746.0	1.0	0.25
2987.0	747.0	1.0	0.25
2991.0	747.0	1.0	0.25
2986.0	747.0	1.0	0.25
2990.0	747.0	1.0	0.25
2992.0	748.0	1.0	0.25
2993.0	748.0	1.0	0.25
2996.0	748.0	1.0	0.25
2997.0	748.0	1.0	0.25
2994.0	749.0	1.0	0.25
2995.0	749.0	1.0	0.25
2998.0	749.0	1.0	0.25
2999.0	749.0	1.0	0.25
3004.0	750.0	1.0	0.25
3000.0	750.0	1.0	0.25
3001.0	750.0	1.0	0.25
3005.0	750.0	1.0	0.25
3007.0	751.0	1.0	0.25
3006.0	751.0	1.0	0.25
3003.0	751.0	1.0	0.25
3002.0	751.0	1.0	0.25
3008.0	752.0	1.0	0.25
3009.0	752.0	1.0	0.25
3012.0	752.0	1.0	0.25
3013.0	752.0	1.0	0.25
3010.0	753.0	1.0	0.25
3011.0	753.0	1.0	0.25
3014.0	753.0	1.0	0.25
3015.0	753.0	1.0	0.25
3016.0	754.0	1.0	0.25
3017.0	754.0	1.0	0.25
3020.0	754.0	1.0	0.25
3021.0	754.0	1.0	0.25
3023.0	755.0	1.0	0.25
3022.0	755.0	1.0	0.25
3018.0	755.0	1.0	0.25
3019.0	755.0	1.0	0.25
3024.0	756.0	1.0	0.25
3025.0	756.0	1.0	0.25
3028.0	756.0	1.0	0.25
3029.0	756.0	1.0	0.25
3026.0	757.0	1.0	0.25
3027.0	757.0	1.0	0.25
3030.0	757.0	1.0	0.25
3031.0	757.0	1.0	0.25
3032.0	758.0	1.0	0.25
3033.0	758.0	1.0	0.25
3036.0	758.0	1.0	0.25
3037.0	758.0	1.0	0.25
3039.0	759.0	1.0	0.25
3038.0	759.0	1.0	0.25
3035.0	759.0	1.0	0.25
3034.0	759.0	1.0	0.25
3040.0	760.0	1.0	0.25
3041.0	760.0	1.0	0.25
3044.0	760.0	1.0	0.25
3045.0	760.0	1.0	0.25
3042.0	761.0	1.0	0.25
3043.0	761.0	1.0	0.25
3046.0	761.0	1.0	0.25
3047.0	761.0	1.0	0.25
3048.0	762.0	1.0	0.25
3049.0	762.0	1.0	0.25
3052.0	762.0	1.0	0.25
3053.0	762.0	1.0	0.25
3055.0	763.0	1.0	0.25
3054.0	763.0	1.0	0.25
3051.0	763.0	1.0	0.25
3050.0	763.0	1.0	0.25
3056.0	764.0	1.0	0.25
3057.0	764.0	1.0	0.25
3060.0	764.0	1.0	0.25
3061.0	764.0	1.0	0.25
3058.0	765.0	1.0	0.25
3059.0	765.0	1.0	0.25
3062.0	765.0	1.0	0.25
3063.0	765.0	1.0	0.25
3064.0	766.0	1.0	0.25
3065.0	766.0	1.0	0.25
3068.0	766.0	1.0	0.25
3069.0	766.0	1.0	0.25
3071.0	767.0	1.0	0.25
3070.0	767.0	1.0	0.25
3066.0	767.0	1.0	0.25
3067.0	767.0	1.0	0.25
3072.0	768.0	1.0	0.25
3073.0	768.0	1.0	0.25
3076.0	768.0	1.0	0.25
3077.0	768.0	1.0	0.25
3074.0	769.0	1.0	0.25
3075.0	769.0	1.0	0.25
3078.0	769.0	1.0	0.25
3079.0	769.0	1.0	0.25
3080.0	770.0	1.0	0.25
3081.0	770.0	1.0	0.25
3084.0	770.0	1.0	0.25
3085.0	770.0	1.0	0.25
3087.0	771.0	1.0	0.25
3086.0	771.0	1.0	0.25
3082.0	771.0	1.0	0.25
3083.0	771.0	1.0	0.25
3088.0	772.0	1.0	0.25
3089.0	772.0	1.0	0.25
3092.0	772.0	1.0	0.25
3093.0	772.0	1.0	0.25
3090.0	773.0	1.0	0.25
3091.0	773.0	1.0	0.25
3094.0	773.0	1.0	0.25
3095.0	773.0	1.0	0.25
3101.0	774.0	1.0	0.25
3096.0	774.0	1.0	0.25
3097.0	774.0	1.0	0.25
3100.0	774.0	1.0	0.25
3103.0	775.0	1.0	0.25
3102.0	775.0	1.0	0.25
3098.0	775.0	1.0	0.25
3099.0	775.0	1.0	0.25
3104.0	776.0	1.0	0.25
3105.0	776.0	1.0	0.25
3108.0	776.0	1.0	0.25
3109.0	776.0	1.0	0.25
3106.0	777.0	1.0	0.25
3107.0	777.0	1.0	0.25
3110.0	777.0	1.0	0.25
3111.0	777.0	1.0	0.25
3117.0	778.0	1.0	0.25
3112.0	778.0	1.0	0.25
3113.0	778.0	1.0	0.25
3116.0	778.0	1.0	0.25
3119.0	779.0	1.0	0.25
3118.0	779.0	1.0	0.25
3115.0	779.0	1.0	0.25
3114.0	779.0	1.0	0.25
3120.0	780.0	1.0	0.25
3121.0	780.0	1.0	0.25
3124.0	780.0	1.0	0.25
3125.0	780.0	1.0	0.25
3127.0	781.0	1.0	0.25
3122.0	781.0	1.0	0.25
3123.0	781.0	1.0	0.25
3126.0	781.0	1.0	0.25
3132.0	782.0	1.0	0.25
3133.0	782.0	1.0	0.25
3128.0	782.0	1.0	0.25
3129.0	782.0	1.0	0.25
3135.0	783.0	1.0	0.25
3134.0	783.0	1.0	0.25
3131.0	783.0	1.0	0.25
3130.0	783.0	1.0	0.25
3136.0	784.0	1.0	0.25
3137.0	784.0	1.0	0.25
3140.0	784.0	1.0	0.25
3141.0	784.0	1.0	0.25
3138.0	785.0	1.0	0.25
3139.0	785.0	1.0	0.25
3142.0	785.0	1.0	0.25
3143.0	785.0	1.0	0.25
3144.0	786.0	1.0	0.25
3145.0	786.0	1.0	0.25
3148.0	786.0	1.0	0.25
3149.0	786.0	1.0	0.25
3151.0	787.0	1.0	0.25
3150.0	787.0	1.0	0.25
3147.0	787.0	1.0	0.25
3146.0	787.0	1.0	0.25
3152.0	788.0	1.0	0.25
3153.0	788.0	1.0	0.25
3156.0	788.0	1.0	0.25
3157.0	788.0	1.0	0.25
3154.0	789.0	1.0	0.25
3155.0	789.0	1.0	0.25
3158.0	789.0	1.0	0.25
3159.0	789.0	1.0	0.25
3160.0	790.0	1.0	0.25
3161.0	790.0	1.0	0.25
3164.0	790.0	1.0	0.25
3165.0	790.0	1.0	0.25
3167.0	791.0	1.0	0.25
3166.0	791.0	1.0	0.25
3163.0	791.0	1.0	0.25
3162.0	791.0	1.0	0.25
3168.0	792.0	1.0	0.25
3169.0	792.0	1.0	0.25
3172.0	792.0	1.0	0.25
3173.0	792.0	1.0	0.25
3170.0	793.0	1.0	0.25
3171.0	793.0	1.0	0.25
3174.0	793.0	1.0	0.25
3175.0	793.0	1.0	0.25
3181.0	794.0	1.0	0.25
3180.0	794.0	1.0	0.25
3177.0	794.0	1.0	0.25
3176.0	794.0	1.0	0.25
3178.0	795.0	1.0	0.25
3179.0	795.0	1.0	0.25
3182.0	795.0	1.0	0.25
3183.0	795.0	1.0	0.25
3184.0	796.0	1.0	0.25
3185.0	796.0	1.0	0.25
3188.0	796.0	1.0	0.25
3189.0	796.0	1.0	0.25
3190.0	797.0	1.0	0.25
3191.0	797.0	1.0	0.25
3186.0	797.0	1.0	0.25
3187.0	797.0	1.0	0.25
3196.0	798.0	1.0	0.25
3197.0	798.0	1.0	0.25
3192.0	798.0	1.0	0.25
3193.0	798.0	1.0	0.25
3199.0	799.0	1.0	0.25
3198.0	799.0	1.0	0.25
3195.0	799.0	1.0	0.25
3194.0	799.0	1.0	0.25
3200.0	800.0	1.0	0.25
3201.0	800.0	1.0	0.25
3204.0	800.0	1.0	0.25
3205.0	800.0	1.0	0.25
3202.0	801.0	1.0	0.25
3203.0	801.0	1.0	0.25
3206.0	801.0	1.0	0.25
3207.0	801.0	1.0	0.25
3208.0	802.0	1.0	0.25
3209.0	802.0	1.0	0.25
3212.0	802.0	1.0	0.25
3213.0	802.0	1.0	0.25
3215.0	803.0	1.0	0.25
3214.0	803.0	1.0	0.25
3211.0	803.0	1.0	0.25
3210.0	803.0	1.0	0.25
3216.0	804.0	1.0	0.25
3217.0	804.0	1.0	0.25
3220.0	804.0	1.0	0.25
3221.0	804.0	1.0	0.25
3218.0	805.0	1.0	0.25
3219.0	805.0	1.0	0.25
3222.0	805.0	1.0	0.25
3223.0	805.0	1.0	0.25
3224.0	806.0	1.0	0.25
3225.0	806.0	1.0	0.25
3228.0	806.0	1.0	0.25
3229.0	806.0	1.0	0.25
3231.0	807.0	1.0	0.25
3230.0	807.0	1.0	0.25
3227.0	807.0	1.0	0.25
3226.0	807.0	1.0	0.25
3232.0	808.0	1.0	0.25
3233.0	808.0	1.0	0.25
3236.0	808.0	1.0	0.25
3237.0	808.0	1.0	0.25
3234.0	809.0	1.0	0.25
3235.0	809.0	1.0	0.25
3238.0	809.0	1.0	0.25
3239.0	809.0	1.0	0.25
3240.0	810.0	1.0	0.25
3241.0	810.0	1.0	0.25
3244.0	810.0	1.0	0.25
3245.0	810.0	1.0	0.25
3247.0	811.0	1.0	0.25
3246.0	811.0	1.0	0.25
3242.0	811.0	1.0	0.25
3243.0	811.0	1.0	0.25
3248.0	812.0	1.0	0.25
3249.0	812.0	1.0	0.25
3252.0	812.0	1.0	0.25
3253.0	812.0	1.0	0.25
3250.0	813.0	1.0	0.25
3251.0	813.0	1.0	0.25
3254.0	813.0	1.0	0.25
3255.0	813.0	1.0	0.25
3256.0	814.0	1.0	0.25
3257.0	814.0	1.0	0.25
3260.0	814.0	1.0	0.25
3261.0	814.0	1.0	0.25
3262.0	815.0	1.0	0.25
3263.0	815.0	1.0	0.25
3259.0	815.0	1.0	0.25
3258.0	815.0	1.0	0.25
3264.0	816.0	1.0	0.25
3265.0	816.0	1.0	0.25
3268.0	816.0	1.0	0.25
3269.0	816.0	1.0	0.25
3266.0	817.0	1.0	0.25
3267.0	817.0	1.0	0.25
3270.0	817.0	1.0	0.25
3271.0	817.0	1.0	0.25
3277.0	818.0	1.0	0.25
3272.0	818.0	1.0	0.25
3273.0	818.0	1.0	0.25
3276.0	818.0	1.0	0.25
3279.0	819.0	1.0	0.25
3278.0	819.0	1.0	0.25
3274.0	819.0	1.0	0.25
3275.0	819.0	1.0	0.25
3280.0	820.0	1.0	0.25
3281.0	820.0	1.0	0.25
3284.0	820.0	1.0	0.25
3285.0	820.0	1.0	0.25
3286.0	821.0	1.0	0.25
3282.0	821.0	1.0	0.25
3283.0	821.0	1.0	0.25
3287.0	821.0	1.0	0.25
3293.0	822.0	1.0	0.25
3292.0	822.0	1.0	0.25
3289.0	822.0	1.0	0.25
3288.0	822.0	1.0	0.25
3290.0	823.0	1.0	0.25
3291.0	823.0	1.0	0.25
3294.0	823.0	1.0	0.25
3295.0	823.0	1.0	0.25
3296.0	824.0	1.0	0.25
3297.0	824.0	1.0	0.25
3300.0	824.0	1.0	0.25
3301.0	824.0	1.0	0.25
3302.0	825.0	1.0	0.25
3303.0	825.0	1.0	0.25
3298.0	825.0	1.0	0.25
3299.0	825.0	1.0	0.25
3304.0	826.0	1.0	0.25
3305.0	826.0	1.0	0.25
3308.0	826.0	1.0	0.25
3309.0	826.0	1.0	0.25
3306.0	827.0	1.0	0.25
3307.0	827.0	1.0	0.25
3310.0	827.0	1.0	0.25
3311.0	827.0	1.0	0.25
3317.0	828.0	1.0	0.25
3312.0	828.0	1.0	0.25
3313.0	828.0	1.0	0.25
3316.0	828.0	1.0	0.25
3318.0	829.0	1.0	0.25
3319.0	829.0	1.0	0.25
3314.0	829.0	1.0	0.25
3315.0	829.0	1.0	0.25
3324.0	830.0	1.0	0.25
3325.0	830.0	1.0	0.25
3320.0	830.0	1.0	0.25
3321.0	830.0	1.0	0.25
3327.0	831.0	1.0	0.25
3326.0	831.0	1.0	0.25
3323.0	831.0	1.0	0.25
3322.0	831.0	1.0	0.25
3328.0	832.0	1.0	0.25
3329.0	832.0	1.0	0.25
3332.0	832.0	1.0	0.25
3333.0	832.0	1.0	0.25
3330.0	833.0	1.0	0.25
3331.0	833.0	1.0	0.25
3334.0	833.0	1.0	0.25
3335.0	833.0	1.0	0.25
3336.0	834.0	1.0	0.25
3337.0	834.0	1.0	0.25
3340.0	834.0	1.0	0.25
3341.0	834.0	1.0	0.25
3343.0	835.0	1.0	0.25
3342.0	835.0	1.0	0.25
3339.0	835.0	1.0	0.25
3338.0	835.0	1.0	0.25
3344.0	836.0	1.0	0.25
3345.0	836.0	1.0	0.25
3348.0	836.0	1.0	0.25
3349.0	836.0	1.0	0.25
3346.0	837.0	1.0	0.25
3347.0	837.0	1.0	0.25
3350.0	837.0	1.0	0.25
3351.0	837.0	1.0	0.25
3352.0	838.0	1.0	0.25
3353.0	838.0	1.0	0.25
3356.0	838.0	1.0	0.25
3357.0	838.0	1.0	0.25
3359.0	839.0	1.0	0.25
3358.0	839.0	1.0	0.25
3355.0	839.0	1.0	0.25
3354.0	839.0	1.0	0.25
3360.0	840.0	1.0	0.25
3361.0	840.0	1.0	0.25
3364.0	840.0	1.0	0.25
3365.0	840.0	1.0	0.25
3362.0	841.0	1.0	0.25
3363.0	841.0	1.0	0.25
3366.0	841.0	1.0	0.25
3367.0	841.0	1.0	0.25
3368.0	842.0	1.0	0.25
3369.0	842.0	1.0	0.25
3372.0	842.0	1.0	0.25
3373.0	842.0	1.0	0.25
3375.0	843.0	1.0	0.25
3374.0	843.0	1.0	0.25
3370.0	843.0	1.0	0.25
3371.0	843.0	1.0	0.25
3376.0	844.0	1.0	0.25
3377.0	844.0	1.0	0.25
3380.0	844.0	1.0	0.25
3381.0	844.0	1.0	0.25
3378.0	845.0	1.0	0.25
3379.0	845.0	1.0	0.25
3382.0	845.0	1.0	0.25
3383.0	845.0	1.0	0.25
3384.0	846.0	1.0	0.25
3385.0	846.0	1.0	0.25
3388.0	846.0	1.0	0.25
3389.0	846.0	1.0	0.25
3391.0	847.0	1.0	0.25
3390.0	847.0	1.0	0.25
3387.0	847.0	1.0	0.25
3386.0	847.0	1.0	0.25
3392.0	848.0	1.0	0.25
3393.0	848.0	1.0	0.25
3396.0	848.0	1.0	0.25
3397.0	848.0	1.0	0.25
3394.0	849.0	1.0	0.25
3395.0	849.0	1.0	0.25
3398.0	849.0	1.0	0.25
3399.0	849.0	1.0	0.25
3400.0	850.0	1.0	0.25
3401.0	850.0	1.0	0.25
3404.0	850.0	1.0	0.25
3405.0	850.0	1.0	0.25
3407.0	851.0	1.0	0.25
3406.0	851.0	1.0	0.25
3403.0	851.0	1.0	0.25
3402.0	851.0	1.0	0.25
3408.0	852.0	1.0	0.25
3409.0	852.0	1.0	0.25
3412.0	852.0	1.0	0.25
3413.0	852.0	1.0	0.25
3410.0	853.0	1.0	0.25
3411.0	853.0	1.0	0.25
3414.0	853.0	1.0	0.25
3415.0	853.0	1.0	0.25
3416.0	854.0	1.0	0.25
3417.0	854.0	1.0	0.25
3420.0	854.0	1.0	0.25
3421.0	854.0	1.0	0.25
3423.0	855.0	1.0	0.25
3422.0	855.0	1.0	0.25
3418.0	855.0	1.0	0.25
3419.0	855.0	1.0	0.25
3424.0	856.0	1.0	0.25
3425.0	856.0	1.0	0.25
3428.0	856.0	1.0	0.25
3429.0	856.0	1.0	0.25
3426.0	857.0	1.0	0.25
3427.0	857.0	1.0	0.25
3430.0	857.0	1.0	0.25
3431.0	857.0	1.0	0.25
3432.0	858.0	1.0	0.25
3433.0	858.0	1.0	0.25
3436.0	858.0	1.0	0.25
3437.0	858.0	1.0	0.25
3435.0	859.0	1.0	0.25
3439.0	859.0	1.0	0.25
3434.0	859.0	1.0	0.25
3438.0	859.0	1.0	0.25
3440.0	860.0	1.0	0.25
3441.0	860.0	1.0	0.25
3444.0	860.0	1.0	0.25
3445.0	860.0	1.0	0.25
3442.0	861.0	1.0	0.25
3443.0	861.0	1.0	0.25
3446.0	861.0	1.0	0.25
3447.0	861.0	1.0	0.25
3452.0	862.0	1.0	0.25
3448.0	862.0	1.0	0.25
3449.0	862.0	1.0	0.25
3453.0	862.0	1.0	0.25
3455.0	863.0	1.0	0.25
3454.0	863.0	1.0	0.25
3451.0	863.0	1.0	0.25
3450.0	863.0	1.0	0.25
3456.0	864.0	1.0	0.25
3457.0	864.0	1.0	0.25
3460.0	864.0	1.0	0.25
3461.0	864.0	1.0	0.25
3458.0	865.0	1.0	0.25
3459.0	865.0	1.0	0.25
3462.0	865.0	1.0	0.25
3463.0	865.0	1.0	0.25
3464.0	866.0	1.0	0.25
3465.0	866.0	1.0	0.25
3468.0	866.0	1.0	0.25
3469.0	866.0	1.0	0.25
3471.0	867.0	1.0	0.25
3470.0	867.0	1.0	0.25
3467.0	867.0	1.0	0.25
3466.0	867.0	1.0	0.25
3472.0	868.0	1.0	0.25
3473.0	868.0	1.0	0.25
3476.0	868.0	1.0	0.25
3477.0	868.0	1.0	0.25
3474.0	869.0	1.0	0.25
3475.0	869.0	1.0	0.25
3478.0	869.0	1.0	0.25
3479.0	869.0	1.0	0.25
3480.0	870.0	1.0	0.25
3481.0	870.0	1.0	0.25
3484.0	870.0	1.0	0.25
3485.0	870.0	1.0	0.25
3487.0	871.0	1.0	0.25
3486.0	871.0	1.0	0.25
3482.0	871.0	1.0	0.25
3483.0	871.0	1.0	0.25
3488.0	872.0	1.0	0.25
3489.0	872.0	1.0	0.25
3492.0	872.0	1.0	0.25
3493.0	872.0	1.0	0.25
3490.0	873.0	1.0	0.25
3491.0	873.0	1.0	0.25
3494.0	873.0	1.0	0.25
3495.0	873.0	1.0	0.25
3496.0	874.0	1.0	0.25
3497.0	874.0	1.0	0.25
3500.0	874.0	1.0	0.25
3501.0	874.0	1.0	0.25
3499.0	875.0	1.0	0.25
3503.0	875.0	1.0	0.25
3498.0	875.0	1.0	0.25
3502.0	875.0	1.0	0.25
3504.0	876.0	1.0	0.25
3505.0	876.0	1.0	0.25
3508.0	876.0	1.0	0.25
3509.0	876.0	1.0	0.25
3506.0	877.0	1.0	0.25
3507.0	877.0	1.0	0.25
3510.0	877.0	1.0	0.25
3511.0	877.0	1.0	0.25
3516.0	878.0	1.0	0.25
3512.0	878.0	1.0	0.25
3513.0	878.0	1.0	0.25
3517.0	878.0	1.0	0.25
3519.0	879.0	1.0	0.25
3518.0	879.0	1.0	0.25
3515.0	879.0	1.0	0.25
3514.0	879.0	1.0	0.25
3520.0	880.0	1.0	0.25
3521.0	880.0	1.0	0.25
3524.0	880.0	1.0	0.25
3525.0	880.0	1.0	0.25
3522.0	881.0	1.0	0.25
3523.0	881.0	1.0	0.25
3526.0	881.0	1.0	0.25
3527.0	881.0	1.0	0.25
3528.0	882.0	1.0	0.25
3529.0	882.0	1.0	0.25
3532.0	882.0	1.0	0.25
3533.0	882.0	1.0	0.25
3535.0	883.0	1.0	0.25
3534.0	883.0	1.0	0.25
3530.0	883.0	1.0	0.25
3531.0	883.0	1.0	0.25
3536.0	884.0	1.0	0.25
3537.0	884.0	1.0	0.25
3540.0	884.0	1.0	0.25
3541.0	884.0	1.0	0.25
3538.0	885.0	1.0	0.25
3539.0	885.0	1.0	0.25
3542.0	885.0	1.0	0.25
3543.0	885.0	1.0	0.25
3544.0	886.0	1.0	0.25
3545.0	886.0	1.0	0.25
3548.0	886.0	1.0	0.25
3549.0	886.0	1.0	0.25
3551.0	887.0	1.0	0.25
3550.0	887.0	1.0	0.25
3547.0	887.0	1.0	0.25
3546.0	887.0	1.0	0.25
3552.0	888.0	1.0	0.25
3553.0	888.0	1.0	0.25
3556.0	888.0	1.0	0.25
3557.0	888.0	1.0	0.25
3554.0	889.0	1.0	0.25
3555.0	889.0	1.0	0.25
3558.0	889.0	1.0	0.25
3559.0	889.0	1.0	0.25
3560.0	890.0	1.0	0.25
3561.0	890.0	1.0	0.25
3564.0	890.0	1.0	0.25
3565.0	890.0	1.0	0.25
3567.0	891.0	1.0	0.25
3566.0	891.0	1.0	0.25
3563.0	891.0	1.0	0.25
3562.0	891.0	1.0	0.25
3568.0	892.0	1.0	0.25
3569.0	892.0	1.0	0.25
3572.0	892.0	1.0	0.25
3573.0	892.0	1.0	0.25
3570.0	893.0	1.0	0.25
3571.0	893.0	1.0	0.25
3574.0	893.0	1.0	0.25
3575.0	893.0	1.0	0.25
3576.0	894.0	1.0	0.25
3577.0	894.0	1.0	0.25
3580.0	894.0	1.0	0.25
3581.0	894.0	1.0	0.25
3583.0	895.0	1.0	0.25
3582.0	895.0	1.0	0.25
3578.0	895.0	1.0	0.25
3579.0	895.0	1.0	0.25
3584.0	896.0	1.0	0.25
3585.0	896.0	1.0	0.25
3588.0	896.0	1.0	0.25
3589.0	896.0	1.0	0.25
3586.0	897.0	1.0	0.25
3587.0	897.0	1.0	0.25
3590.0	897.0	1.0	0.25
3591.0	897.0	1.0	0.25
3592.0	898.0	1.0	0.25
3593.0	898.0	1.0	0.25
3596.0	898.0	1.0	0.25
3597.0	898.0	1.0	0.25
3599.0	899.0	1.0	0.25
3598.0	899.0	1.0	0.25
3594.0	899.0	1.0	0.25
3595.0	899.0	1.0	0.25
3600.0	900.0	1.0	0.25
3601.0	900.0	1.0	0.25
3604.0	900.0	1.0	0.25
3605.0	900.0	1.0	0.25
3602.0	901.0	1.0	0.25
3603.0	901.0	1.0	0.25
3606.0	901.0	1.0	0.25
3607.0	901.0	1.0	0.25
3613.0	902.0	1.0	0.25
3608.0	902.0	1.0	0.25
3609.0	902.0	1.0	0.25
3612.0	902.0	1.0	0.25
3615.0	903.0	1.0	0.25
3614.0	903.0	1.0	0.25
3610.0	903.0	1.0	0.25
3611.0	903.0	1.0	0.25
3616.0	904.0	1.0	0.25
3617.0	904.0	1.0	0.25
3620.0	904.0	1.0	0.25
3621.0	904.0	1.0	0.25
3618.0	905.0	1.0	0.25
3619.0	905.0	1.0	0.25
3622.0	905.0	1.0	0.25
3623.0	905.0	1.0	0.25
3629.0	906.0	1.0	0.25
3624.0	906.0	1.0	0.25
3625.0	906.0	1.0	0.25
3628.0	906.0	1.0	0.25
3631.0	907.0	1.0	0.25
3630.0	907.0	1.0	0.25
3627.0	907.0	1.0	0.25
3626.0	907.0	1.0	0.25
3632.0	908.0	1.0	0.25
3633.0	908.0	1.0	0.25
3636.0	908.0	1.0	0.25
3637.0	908.0	1.0	0.25
3639.0	909.0	1.0	0.25
3634.0	909.0	1.0	0.25
3635.0	909.0	1.0	0.25
3638.0	909.0	1.0	0.25
3644.0	910.0	1.0	0.25
3645.0	910.0	1.0	0.25
3640.0	910.0	1.0	0.25
3641.0	910.0	1.0	0.25
3647.0	911.0	1.0	0.25
3646.0	911.0	1.0	0.25
3643.0	911.0	1.0	0.25
3642.0	911.0	1.0	0.25
3648.0	912.0	1.0	0.25
3649.0	912.0	1.0	0.25
3652.0	912.0	1.0	0.25
3653.0	912.0	1.0	0.25
3650.0	913.0	1.0	0.25
3651.0	913.0	1.0	0.25
3654.0	913.0	1.0	0.25
3655.0	913.0	1.0	0.25
3656.0	914.0	1.0	0.25
3657.0	914.0	1.0	0.25
3660.0	914.0	1.0	0.25
3661.0	914.0	1.0	0.25
3663.0	915.0	1.0	0.25
3662.0	915.0	1.0	0.25
3659.0	915.0	1.0	0.25
3658.0	915.0	1.0	0.25
3664.0	916.0	1.0	0.25
3665.0	916.0	1.0	0.25
3668.0	916.0	1.0	0.25
3669.0	916.0	1.0	0.25
3666.0	917.0	1.0	0.25
3667.0	917.0	1.0	0.25
3670.0	917.0	1.0	0.25
3671.0	917.0	1.0	0.25
3672.0	918.0	1.0	0.25
3673.0	918.0	1.0	0.25
3676.0	918.0	1.0	0.25
3677.0	918.0	1.0	0.25
3679.0	919.0	1.0	0.25
3678.0	919.0	1.0	0.25
3675.0	919.0	1.0	0.25
3674.0	919.0	1.0	0.25
3680.0	920.0	1.0	0.25
3681.0	920.0	1.0	0.25
3684.0	920.0	1.0	0.25
3685.0	920.0	1.0	0.25
3682.0	921.0	1.0	0.25
3683.0	921.0	1.0	0.25
3686.0	921.0	1.0	0.25
3687.0	921.0	1.0	0.25
3693.0	922.0	1.0	0.25
3692.0	922.0	1.0	0.25
3689.0	922.0	1.0	0.25
3688.0	922.0	1.0	0.25
3690.0	923.0	1.0	0.25
3691.0	923.0	1.0	0.25
3694.0	923.0	1.0	0.25
3695.0	923.0	1.0	0.25
3696.0	924.0	1.0	0.25
3697.0	924.0	1.0	0.25
3700.0	924.0	1.0	0.25
3701.0	924.0	1.0	0.25
3702.0	925.0	1.0	0.25
3703.0	925.0	1.0	0.25
3698.0	925.0	1.0	0.25
3699.0	925.0	1.0	0.25
3708.0	926.0	1.0	0.25
3709.0	926.0	1.0	0.25
3704.0	926.0	1.0	0.25
3705.0	926.0	1.0	0.25
3711.0	927.0	1.0	0.25
3710.0	927.0	1.0	0.25
3707.0	927.0	1.0	0.25
3706.0	927.0	1.0	0.25
3712.0	928.0	1.0	0.25
3713.0	928.0	1.0	0.25
3716.0	928.0	1.0	0.25
3717.0	928.0	1.0	0.25
3714.0	929.0	1.0	0.25
3715.0	929.0	1.0	0.25
3718.0	929.0	1.0	0.25
3719.0	929.0	1.0	0.25
3720.0	930.0	1.0	0.25
3721.0	930.0	1.0	0.25
3724.0	930.0	1.0	0.25
3725.0	930.0	1.0	0.25
3727.0	931.0	1.0	0.25
3726.0	931.0	1.0	0.25
3723.0	931.0	1.0	0.25
3722.0	931.0	1.0	0.25
3728.0	932.0	1.0	0.25
3729.0	932.0	1.0	0.25
3732.0	932.0	1.0	0.25
3733.0	932.0	1.0	0.25
3730.0	933.0	1.0	0.25
3731.0	933.0	1.0	0.25
3734.0	933.0	1.0	0.25
3735.0	933.0	1.0	0.25
3736.0	934.0	1.0	0.25
3737.0	934.0	1.0	0.25
3740.0	934.0	1.0	0.25
3741.0	934.0	1.0	0.25
3743.0	935.0	1.0	0.25
3742.0	935.0	1.0	0.25
3739.0	935.0	1.0	0.25
3738.0	935.0	1.0	0.25
3744.0	936.0	1.0	0.25
3745.0	936.0	1.0	0.25
3748.0	936.0	1.0	0.25
3749.0	936.0	1.0	0.25
3746.0	937.0	1.0	0.25
3747.0	937.0	1.0	0.25
3750.0	937.0	1.0	0.25
3751.0	937.0	1.0	0.25
3752.0	938.0	1.0	0.25
3753.0	938.0	1.0	0.25
3756.0	938.0	1.0	0.25
3757.0	938.0	1.0	0.25
3759.0	939.0	1.0	0.25
3758.0	939.0	1.0	0.25
3754.0	939.0	1.0	0.25
3755.0	939.0	1.0	0.25
3760.0	940.0	1.0	0.25
3761.0	940.0	1.0	0.25
3764.0	940.0	1.0	0.25
3765.0	940.0	1.0	0.25
3762.0	941.0	1.0	0.25
3763.0	941.0	1.0	0.25
3766.0	941.0	1.0	0.25
3767.0	941.0	1.0	0.25
3768.0	942.0	1.0	0.25
3769.0	942.0	1.0	0.25
3772.0	942.0	1.0	0.25
3773.0	942.0	1.0	0.25
3775.0	943.0	1.0	0.25
3774.0	943.0	1.0	0.25
3771.0	943.0	1.0	0.25
3770.0	943.0	1.0	0.25
3776.0	944.0	1.0	0.25
3777.0	944.0	1.0	0.25
3780.0	944.0	1.0	0.25
3781.0	944.0	1.0	0.25
3778.0	945.0	1.0	0.25
3779.0	945.0	1.0	0.25
3782.0	945.0	1.0	0.25
3783.0	945.0	1.0	0.25
3784.0	946.0	1.0	0.25
3785.0	946.0	1.0	0.25
3788.0	946.0	1.0	0.25
3789.0	946.0	1.0	0.25
3791.0	947.0	1.0	0.25
3790.0	947.0	1.0	0.25
3786.0	947.0	1.0	0.25
3787.0	947.0	1.0	0.25
3792.0	948.0	1.0	0.25
3793.0	948.0	1.0	0.25
3796.0	948.0	1.0	0.25
3797.0	948.0	1.0	0.25
3794.0	949.0	1.0	0.25
3795.0	949.0	1.0	0.25
3798.0	949.0	1.0	0.25
3799.0	949.0	1.0	0.25
3800.0	950.0	1.0	0.25
3801.0	950.0	1.0	0.25
3804.0	950.0	1.0	0.25
3805.0	950.0	1.0	0.25
3807.0	951.0	1.0	0.25
3806.0	951.0	1.0	0.25
3803.0	951.0	1.0	0.25
3802.0	951.0	1.0	0.25
3808.0	952.0	1.0	0.25
3809.0	952.0	1.0	0.25
3812.0	952.0	1.0	0.25
3813.0	952.0	1.0	0.25
3810.0	953.0	1.0	0.25
3811.0	953.0	1.0	0.25
3814.0	953.0	1.0	0.25
3815.0	953.0	1.0	0.25
3816.0	954.0	1.0	0.25
3817.0	954.0	1.0	0.25
3820.0	954.0	1.0	0.25
3821.0	954.0	1.0	0.25
3823.0	955.0	1.0	0.25
3822.0	955.0	1.0	0.25
3819.0	955.0	1.0	0.25
3818.0	955.0	1.0	0.25
3824.0	956.0	1.0	0.25
3825.0	956.0	1.0	0.25
3828.0	956.0	1.0	0.25
3829.0	956.0	1.0	0.25
3826.0	957.0	1.0	0.25
3827.0	957.0	1.0	0.25
3830.0	957.0	1.0	0.25
3831.0	957.0	1.0	0.25
3832.0	958.0	1.0	0.25
3833.0	958.0	1.0	0.25
3836.0	958.0	1.0	0.25
3837.0	958.0	1.0	0.25
3839.0	959.0	1.0	0.25
3838.0	959.0	1.0	0.25
3834.0	959.0	1.0	0.25
3835.0	959.0	1.0	0.25
3840.0	960.0	1.0	0.25
3841.0	960.0	1.0	0.25
3844.0	960.0	1.0	0.25
3845.0	960.0	1.0	0.25
3842.0	961.0	1.0	0.25
3843.0	961.0	1.0	0.25
3846.0	961.0	1.0	0.25
3847.0	961.0	1.0	0.25
3848.0	962.0	1.0	0.25
3849.0	962.0	1.0	0.25
3852.0	962.0	1.0	0.25
3853.0	962.0	1.0	0.25
3855.0	963.0	1.0	0.25
3854.0	963.0	1.0	0.25
3850.0	963.0	1.0	0.25
3851.0	963.0	1.0	0.25
3856.0	964.0	1.0	0.25
3857.0	964.0	1.0	0.25
3860.0	964.0	1.0	0.25
3861.0	964.0	1.0	0.25
3858.0	965.0	1.0	0.25
3859.0	965.0	1.0	0.25
3862.0	965.0	1.0	0.25
3863.0	965.0	1.0	0.25
3869.0	966.0	1.0	0.25
3864.0	966.0	1.0	0.25
3865.0	966.0	1.0	0.25
3868.0	966.0	1.0	0.25
3871.0	967.0	1.0	0.25
3870.0	967.0	1.0	0.25
3866.0	967.0	1.0	0.25
3867.0	967.0	1.0	0.25
3872.0	968.0	1.0	0.25
3873.0	968.0	1.0	0.25
3876.0	968.0	1.0	0.25
3877.0	968.0	1.0	0.25
3874.0	969.0	1.0	0.25
3875.0	969.0	1.0	0.25
3878.0	969.0	1.0	0.25
3879.0	969.0	1.0	0.25
3885.0	970.0	1.0	0.25
3880.0	970.0	1.0	0.25
3881.0	970.0	1.0	0.25
3884.0	970.0	1.0	0.25
3887.0	971.0	1.0	0.25
3886.0	971.0	1.0	0.25
3883.0	971.0	1.0	0.25
3882.0	971.0	1.0	0.25
3888.0	972.0	1.0	0.25
3889.0	972.0	1.0	0.25
3892.0	972.0	1.0	0.25
3893.0	972.0	1.0	0.25
3895.0	973.0	1.0	0.25
3890.0	973.0	1.0	0.25
3891.0	973.0	1.0	0.25
3894.0	973.0	1.0	0.25
3900.0	974.0	1.0	0.25
3901.0	974.0	1.0	0.25
3896.0	974.0	1.0	0.25
3897.0	974.0	1.0	0.25
3903.0	975.0	1.0	0.25
3902.0	975.0	1.0	0.25
3899.0	975.0	1.0	0.25
3898.0	975.0	1.0	0.25
3904.0	976.0	1.0	0.25
3905.0	976.0	1.0	0.25
3908.0	976.0	1.0	0.25
3909.0	976.0	1.0	0.25
3906.0	977.0	1.0	0.25
3907.0	977.0	1.0	0.25
3910.0	977.0	1.0	0.25
3911.0	977.0	1.0	0.25
3912.0	978.0	1.0	0.25
3913.0	978.0	1.0	0.25
3916.0	978.0	1.0	0.25
3917.0	978.0	1.0	0.25
3919.0	979.0	1.0	0.25
3918.0	979.0	1.0	0.25
3915.0	979.0	1.0	0.25
3914.0	979.0	1.0	0.25
3920.0	980.0	1.0	0.25
3921.0	980.0	1.0	0.25
3924.0	980.0	1.0	0.25
3925.0	980.0	1.0	0.25
3922.0	981.0	1.0	0.25
3923.0	981.0	1.0	0.25
3926.0	981.0	1.0	0.25
3927.0	981.0	1.0	0.25
3928.0	982.0	1.0	0.25
3929.0	982.0	1.0	0.25
3932.0	982.0	1.0	0.25
3933.0	982.0	1.0	0.25
3935.0	983.0	1.0	0.25
3934.0	983.0	1.0	0.25
3931.0	983.0	1.0	0.25
3930.0	983.0	1.0	0.25
3936.0	984.0	1.0	0.25
3937.0	984.0	1.0	0.25
3940.0	984.0	1.0	0.25
3941.0	984.0	1.0	0.25
3938.0	985.0	1.0	0.25
3939.0	985.0	1.0	0.25
3942.0	985.0	1.0	0.25
3943.0	985.0	1.0	0.25
3944.0	986.0	1.0	0.25
3945.0	986.0	1.0	0.25
3948.0	986.0	1.0	0.25
3949.0	986.0	1.0	0.25
3951.0	987.0	1.0	0.25
3950.0	987.0	1.0	0.25
3947.0	987.0	1.0	0.25
3946.0	987.0	1.0	0.25
3952.0	988.0	1.0	0.25
3953.0	988.0	1.0	0.25
3956.0	988.0	1.0	0.25
3957.0	988.0	1.0	0.25
3954.0	989.0	1.0	0.25
3955.0	989.0	1.0	0.25
3958.0	989.0	1.0	0.25
3959.0	989.0	1.0	0.25
3960.0	990.0	1.0	0.25
3961.0	990.0	1.0	0.25
3964.0	990.0	1.0	0.25
3965.0	990.0	1.0	0.25
3967.0	991.0	1.0	0.25
3966.0	991.0	1.0	0.25
3962.0	991.0	1.0	0.25
3963.0	991.0	1.0	0.25
3968.0	992.0	1.0	0.25
3969.0	992.0	1.0	0.25
3972.0	992.0	1.0	0.25
3973.0	992.0	1.0	0.25
3970.0	993.0	1.0	0.25
3971.0	993.0	1.0	0.25
3974.0	993.0	1.0	0.25
3975.0	993.0	1.0	0.25
3976.0	994.0	1.0	0.25
3977.0	994.0	1.0	0.25
3980.0	994.0	1.0	0.25
3981.0	994.0	1.0	0.25
3983.0	995.0	1.0	0.25
3982.0	995.0	1.0	0.25
3978.0	995.0	1.0	0.25
3979.0	995.0	1.0	0.25
3984.0	996.0	1.0	0.25
3985.0	996.0	1.0	0.25
3988.0	996.0	1.0	0.25
3989.0	996.0	1.0	0.25
3986.0	997.0	1.0	0.25
3987.0	997.0	1.0	0.25
3990.0	997.0	1.0	0.25
3991.0	997.0	1.0	0.25
3997.0	998.0	1.0	0.25
3992.0	998.0	1.0	0.25
3993.0	998.0	1.0	0.25
3996.0	998.0	1.0	0.25
3999.0	999.0	1.0	0.25
3998.0	999.0	1.0	0.25
3995.0	999.0	1.0	0.25
3994.0	999.0	1.0	0.25
4000.0	1000.0	1.0	0.25
4001.0	1000.0	1.0	0.25
4004.0	1000.0	1.0	0.25
4005.0	1000.0	1.0	0.25
4002.0	1001.0	1.0	0.25
4003.0	1001.0	1.0	0.25
4006.0	1001.0	1.0	0.25
4007.0	1001.0	1.0	0.25
4008.0	1002.0	1.0	0.25
4009.0	1002.0	1.0	0.25
4012.0	1002.0	1.0	0.25
4013.0	1002.0	1.0	0.25
4015.0	1003.0	1.0	0.25
4014.0	1003.0	1.0	0.25
4011.0	1003.0	1.0	0.25
4010.0	1003.0	1.0	0.25
4016.0	1004.0	1.0	0.25
4017.0	1004.0	1.0	0.25
4020.0	1004.0	1.0	0.25
4021.0	1004.0	1.0	0.25
4018.0	1005.0	1.0	0.25
4019.0	1005.0	1.0	0.25
4022.0	1005.0	1.0	0.25
4023.0	1005.0	1.0	0.25
4024.0	1006.0	1.0	0.25
4025.0	1006.0	1.0	0.25
4028.0	1006.0	1.0	0.25
4029.0	1006.0	1.0	0.25
4031.0	1007.0	1.0	0.25
4030.0	1007.0	1.0	0.25
4026.0	1007.0	1.0	0.25
4027.0	1007.0	1.0	0.25
4032.0	1008.0	1.0	0.25
4033.0	1008.0	1.0	0.25
4036.0	1008.0	1.0	0.25
4037.0	1008.0	1.0	0.25
4034.0	1009.0	1.0	0.25
4035.0	1009.0	1.0	0.25
4038.0	1009.0	1.0	0.25
4039.0	1009.0	1.0	0.25
4040.0	1010.0	1.0	0.25
4041.0	1010.0	1.0	0.25
4044.0	1010.0	1.0	0.25
4045.0	1010.0	1.0	0.25
4047.0	1011.0	1.0	0.25
4046.0	1011.0	1.0	0.25
4042.0	1011.0	1.0	0.25
4043.0	1011.0	1.0	0.25
4048.0	1012.0	1.0	0.25
4049.0	1012.0	1.0	0.25
4052.0	1012.0	1.0	0.25
4053.0	1012.0	1.0	0.25
4050.0	1013.0	1.0	0.25
4051.0	1013.0	1.0	0.25
4054.0	1013.0	1.0	0.25
4055.0	1013.0	1.0	0.25
4056.0	1014.0	1.0	0.25
4057.0	1014.0	1.0	0.25
4060.0	1014.0	1.0	0.25
4061.0	1014.0	1.0	0.25
4063.0	1015.0	1.0	0.25
4062.0	1015.0	1.0	0.25
4058.0	1015.0	1.0	0.25
4059.0	1015.0	1.0	0.25
4064.0	1016.0	1.0	0.25
4065.0	1016.0	1.0	0.25
4068.0	1016.0	1.0	0.25
4069.0	1016.0	1.0	0.25
4066.0	1017.0	1.0	0.25
4067.0	1017.0	1.0	0.25
4070.0	1017.0	1.0	0.25
4071.0	1017.0	1.0	0.25
4072.0	1018.0	1.0	0.25
4073.0	1018.0	1.0	0.25
4076.0	1018.0	1.0	0.25
4077.0	1018.0	1.0	0.25
4079.0	1019.0	1.0	0.25
4078.0	1019.0	1.0	0.25
4074.0	1019.0	1.0	0.25
4075.0	1019.0	1.0	0.25
4080.0	1020.0	1.0	0.25
4081.0	1020.0	1.0	0.25
4084.0	1020.0	1.0	0.25
4085.0	1020.0	1.0	0.25
4087.0	1021.0	1.0	0.25
4086.0	1021.0	1.0	0.25
4082.0	1021.0	1.0	0.25
4083.0	1021.0	1.0	0.25
4088.0	1022.0	1.0	0.25
4089.0	1022.0	1.0	0.25
4092.0	1022.0	1.0	0.25
4093.0	1022.0	1.0	0.25
4094.0	1023.0	1.0	0.25
4090.0	1023.0	1.0	0.25
4091.0	1023.0	1.0	0.25
4095.0	1023.0	1.0	0.25
