# columns = ['i', 'j', 'delay', 'weight']
0.0	0.0	1.0	-0.26850077509880066
28.0	0.0	1.0	0.58791869878768921
9.0	0.0	1.0	-0.0014583492884412408
37.0	0.0	1.0	0.81469547748565674
10.0	0.0	1.0	0.37646722793579102
27.0	0.0	1.0	-2.9908852577209473
22.0	0.0	1.0	2.1265218257904053
33.0	0.0	1.0	-2.5889699459075928
12.0	0.0	1.0	-1.6004198789596558
13.0	0.0	1.0	2.1467411518096924
26.0	0.0	1.0	0.56395399570465088
36.0	0.0	1.0	-0.92909067869186401
8.0	0.0	1.0	0.087124623358249664
14.0	0.0	1.0	-2.6898748874664307
16.0	0.0	1.0	0.17164041101932526
25.0	0.0	1.0	-2.7404580116271973
17.0	0.0	1.0	2.0207939147949219
35.0	0.0	1.0	-2.3035910129547119
18.0	0.0	1.0	0.16137182712554932
19.0	0.0	1.0	-3.0038208961486816
24.0	0.0	1.0	-0.90529632568359375
20.0	0.0	1.0	-2.7916357517242432
23.0	0.0	1.0	0.93026107549667358
21.0	0.0	1.0	-2.6716482639312744
34.0	0.0	1.0	-2.1679699420928955
15.0	0.0	1.0	0.45343220233917236
7.0	0.0	1.0	-0.36423057317733765
11.0	0.0	1.0	-2.8153131008148193
29.0	0.0	1.0	-2.811708927154541
30.0	0.0	1.0	1.0055059194564819
4.0	0.0	1.0	0.14308914542198181
2.0	0.0	1.0	-2.0313801765441895
39.0	0.0	1.0	0.62185817956924438
5.0	0.0	1.0	0.52988803386688232
32.0	0.0	1.0	0.67811489105224609
1.0	0.0	1.0	0.42352011799812317
3.0	0.0	1.0	0.20137399435043335
6.0	0.0	1.0	-1.6080995798110962
31.0	0.0	1.0	-0.55035847425460815
38.0	0.0	1.0	-2.9603872299194336
20.0	1.0	1.0	-2.8044986724853516
34.0	1.0	1.0	0.97204703092575084
25.0	1.0	1.0	0.70650756359100342
31.0	1.0	1.0	0.71811455488204956
0.0	1.0	1.0	-2.3125298023223877
30.0	1.0	1.0	-2.7379415035247803
16.0	1.0	1.0	0.91602325439453125
35.0	1.0	1.0	0.192268967628479
17.0	1.0	1.0	-1.3078204393386841
21.0	1.0	1.0	-2.9076247215270996
18.0	1.0	1.0	-1.743884801864624
39.0	1.0	1.0	-1.3111950159072876
15.0	1.0	1.0	0.18873171508312225
19.0	1.0	1.0	1.2537753582000732
1.0	1.0	1.0	0.44809168577194214
23.0	1.0	1.0	0.7417483925819397
2.0	1.0	1.0	-2.8077881336212158
24.0	1.0	1.0	-0.04179055243730545
33.0	1.0	1.0	-2.01230788230896
22.0	1.0	1.0	-0.29215943813323975
29.0	1.0	1.0	-1.818146824836731
5.0	1.0	1.0	-2.2577724456787109
10.0	1.0	1.0	0.31764125823974609
27.0	1.0	1.0	0.19794534146785736
8.0	1.0	1.0	0.093864813446998596
38.0	1.0	1.0	-1.9015254974365234
11.0	1.0	1.0	-3.1004421710968018
6.0	1.0	1.0	0.8707815408706665
28.0	1.0	1.0	-1.7742295265197754
9.0	1.0	1.0	0.50182634592056274
4.0	1.0	1.0	0.15649981796741486
12.0	1.0	1.0	1.9673799276351929
7.0	1.0	1.0	-0.395926833152771
26.0	1.0	1.0	0.66444206237792969
36.0	1.0	1.0	-3.5334057807922363
13.0	1.0	1.0	-3.3727023601531982
32.0	1.0	1.0	-2.4780895709991455
3.0	1.0	1.0	0.38957583904266357
14.0	1.0	1.0	0.93317270278930664
37.0	1.0	1.0	-1.6423952579498291
28.0	2.0	1.0	-3.0589694976806641
25.0	2.0	1.0	0.89564800262451172
23.0	2.0	1.0	-1.3769326210021973
32.0	2.0	1.0	-2.2926898002624512
29.0	2.0	1.0	0.99665063619613647
33.0	2.0	1.0	0.033057775348424911
26.0	2.0	1.0	-1.3079869747161865
30.0	2.0	1.0	0.3677351176738739
27.0	2.0	1.0	0.31344142556190491
24.0	2.0	1.0	-2.6372902393341064
35.0	2.0	1.0	0.26094353199005127
21.0	2.0	1.0	0.58443957567214966
0.0	2.0	1.0	-0.32752782106399536
1.0	2.0	1.0	0.64664465188980103
2.0	2.0	1.0	0.88099640607833862
3.0	2.0	1.0	-2.1115121841430664
38.0	2.0	1.0	0.019065523520112038
4.0	2.0	1.0	0.089230000972747803
5.0	2.0	1.0	0.53438490629196167
6.0	2.0	1.0	-2.2789907455444336
7.0	2.0	1.0	-0.3405938446521759
37.0	2.0	1.0	0.063761584460735321
8.0	2.0	1.0	-1.9564081430435181
9.0	2.0	1.0	-0.23677027225494385
10.0	2.0	1.0	-0.13185697793960571
22.0	2.0	1.0	-1.9638499021530149
11.0	2.0	1.0	1.0345922708511353
31.0	2.0	1.0	-0.13865914940834045
12.0	2.0	1.0	-2.1724948883056641
34.0	2.0	1.0	1.3221985101699829
20.0	2.0	1.0	1.4346812963485718
39.0	2.0	1.0	0.55023843050003052
19.0	2.0	1.0	-0.28873518109321594
36.0	2.0	1.0	-2.4918503761291504
17.0	2.0	1.0	-3.283348560333252
18.0	2.0	1.0	-1.9322518110275269
16.0	2.0	1.0	-2.9910516738891602
15.0	2.0	1.0	-2.034522533416748
14.0	2.0	1.0	0.66075313091278076
13.0	2.0	1.0	-1.3958088159561157
34.0	3.0	1.0	-3.0623672008514404
35.0	3.0	1.0	-0.33748537302017212
33.0	3.0	1.0	1.713542103767395
38.0	3.0	1.0	0.60890656709671021
32.0	3.0	1.0	0.93863511085510254
37.0	3.0	1.0	-2.1441359519958496
36.0	3.0	1.0	1.1895437240600586
19.0	3.0	1.0	0.72127389907836914
30.0	3.0	1.0	-1.6454944610595703
0.0	3.0	1.0	-0.2936130166053772
1.0	3.0	1.0	-2.1189064979553223
2.0	3.0	1.0	0.60201466083526611
3.0	3.0	1.0	0.29924172163009644
4.0	3.0	1.0	-1.4610347747802734
5.0	3.0	1.0	0.47469437122344971
6.0	3.0	1.0	1.1607826948165894
7.0	3.0	1.0	-2.3646790981292725
8.0	3.0	1.0	0.13702428340911865
9.0	3.0	1.0	0.71014672517776489
10.0	3.0	1.0	-2.5651180744171143
11.0	3.0	1.0	1.2094306945800781
12.0	3.0	1.0	-3.4596571922302246
13.0	3.0	1.0	-1.9384981393814087
14.0	3.0	1.0	-1.5419422388076782
15.0	3.0	1.0	-1.7842955589294434
16.0	3.0	1.0	-1.6888715028762817
17.0	3.0	1.0	-0.25506758689880371
18.0	3.0	1.0	0.36477217078208923
20.0	3.0	1.0	0.88038879632949829
21.0	3.0	1.0	0.67180341482162476
22.0	3.0	1.0	-3.1758768558502197
23.0	3.0	1.0	-3.3868181705474854
24.0	3.0	1.0	0.72821396589279175
25.0	3.0	1.0	-0.69209867715835571
26.0	3.0	1.0	-0.045019745826721191
27.0	3.0	1.0	-1.345806360244751
28.0	3.0	1.0	0.64863383769989014
29.0	3.0	1.0	-1.0748656988143921
31.0	3.0	1.0	-0.8091728687286377
39.0	3.0	1.0	0.57976812124252319
